# Components of the total pressure
# Time p_inst(NPT only) total ideal fene harmonic nonbonded 
0.0 0.0 -1.3058352871035663 0.2151135997071771 -4.591150903871576 0.9181958814559673 2.1520061356048648  
4.999999999999938 -0.02471126455824556 0.006624518696723536 0.22146654691441778 -2.8760716217336206 0.7727603291377892 1.8884692643781371  
9.999999999999831 0.005572490840436435 -0.039159071845796256 0.2123706754598285 -2.8131502899043483 0.7524541071584868 1.8091664354402368  
14.999999999999725 -0.008278713260948976 0.06014479630579464 0.21120679862161731 -2.7879464488659518 0.7510436818923888 1.8858407646577404  
20.000000000000327 0.005044892822388366 -0.03998461090278119 0.20774556641049416 -2.7305983114201666 0.7306359570186033 1.7522321770882878  
25.00000000000111 -0.011450446626087643 -0.043128369287431745 0.20893884433020862 -2.7467338534665484 0.7344786763389088 1.760187963509999  
30.00000000000189 -0.0044656647165695045 0.005209714464018439 0.20276923956926093 -2.709692462999062 0.7266181867284603 1.7855147511653593  
35.000000000001606 0.00794089599221219 -0.02178974883025203 0.2020588000407217 -2.7344401008749033 0.7323150649741454 1.7782764870297847  
40.00000000000061 -0.003710087274406174 -0.023268772004166494 0.21072833336012178 -2.7359336969928973 0.730519520948444 1.7714170706801653  
44.999999999999616 0.012095716556049713 -0.01840858868518394 0.20572008918467646 -2.697682277192909 0.7216242402227068 1.7519293591003422  
49.99999999999862 -0.004499951587626679 0.014847380079413747 0.20765329717680414 -2.727345063050446 0.7305605497564793 1.8039785961965762  
54.99999999999763 0.010517978584212693 -0.02272792054867745 0.20842161960135705 -2.7250513997017514 0.7317236072126426 1.7621782523390745  
59.99999999999663 -0.0086421105473394 0.04913385089643077 0.20566818289857297 -2.707961438731162 0.7294067133539023 1.822020393375118  
64.99999999999635 -0.004043945153804317 0.0684928088375394 0.1997081506466022 -2.690482217559047 0.7236074019258616 1.835659473824123  
69.9999999999989 -0.0037135061312850103 0.038047301413405954 0.2105213787834458 -2.727049008049972 0.7317341726019565 1.8228407580779753  
75.00000000000146 -0.015495797413585106 0.0031035653269170516 0.2049284106675199 -2.7404686560715907 0.7360424548449058 1.8026013558860823  
80.00000000000402 0.004624780985970202 -0.001436780328733872 0.204622507365335 -2.71655684972219 0.7285733250214198 1.7819242370067014  
85.00000000000658 -7.80266916367669e-5 -0.04964992421951819 0.20335012833824517 -2.7264149019397106 0.7303981340454845 1.7430167153364626  
90.00000000000914 0.008694058164661499 0.03650395633769765 0.2044371944662294 -2.7210358051328125 0.731754453953006 1.821348113051275  
95.0000000000117 -0.015208701036953872 -0.015618084725231296 0.20736417124037992 -2.75518355244205 0.7363993140128887 1.7958019824635503  
