# Components of the energy 
# Time total_en fene_en kinetic_en harmonic_en nonbonded_en 0 0 nonbonded 0 1 nonbonded 0 2 nonbonded 0 4 nonbonded 1 1 nonbonded 1 2 nonbonded 2 2 nonbonded 3 3 nonbonded 3 4 nonbonded 3 5 nonbonded 4 4 nonbonded 4 5 nonbonded 5 5 nonbonded
0.0 82273.6360074642 67924.15536166415 10299.347981161265 19816.67872221615 -15766.546057577361 1115.5710488703296 156.18438048053054 0.0 0.0 -3593.614491415377 -9957.097566407918 -7915.094667345948 4355.997467952991 0.00018540033185177052 0.2523480875581108 46.1933014709435 3.9721021749765866 21.089833154219736
4.999999999999938 80602.03179576818 55147.41980583264 17098.04393798367 21823.305875007394 -13466.73782305555 217.85819983326002 1315.1005450084567 6.998163481695736 0.0 -4201.396574533649 -8269.409978319483 -7233.338108444306 2989.6175938740353 101.37353968380945 50.78856154842192 1012.5996595486746 107.42297549163516 435.6475997719033
9.999999999999831 80573.4937601776 55337.687625317005 16859.55152587431 21757.457063490183 -13381.20245450389 178.2931549945339 1333.1669821716011 14.881153442737228 0.0 -4128.088612874439 -8314.479259024307 -7051.963540489997 2949.586463903577 105.15565377858088 64.0279736496516 943.0296441411444 86.83778890831516 438.3501428947112
14.999999999999725 80928.4452984707 55036.81817980047 17044.224326165728 21802.68744313736 -12955.28465063287 194.11476826913707 1375.094741118266 16.971860353669793 0.0 -4135.410748911044 -8199.874711521641 -7002.866014251162 3014.3140737043045 113.5618431128363 56.603210707059894 1050.912467142141 120.43812076971878 440.85573887384265
20.000000000000327 81237.58871358633 55316.260672456134 16946.48812230313 21791.266525593048 -12816.426606765972 179.897161509407 1388.5381682692787 21.05900653118246 0.0 -4029.774259105996 -8202.727907932036 -6825.582209725016 2962.702249983491 125.53504711894165 55.47888853637665 989.5588905141759 96.62196853575342 422.26638899846876
25.00000000000111 81557.86623717198 55342.36916142716 17079.134141770446 21814.771796128487 -12678.408862154114 129.6252833381096 1401.1456236229096 54.99294386214895 0.0 -3988.6372757596564 -8152.21066310683 -6807.872663858111 2997.518320446257 97.12420691333324 66.91090150371814 1002.054850280471 107.54791656186292 413.391694041674
30.00000000000189 81207.43003573787 55228.89641575527 16706.50047182106 21865.12834402011 -12593.095195858548 163.00362268786316 1306.4717301081337 39.150464736293756 0.0 -3941.901566295591 -8148.400112472038 -6752.567419692404 2995.948872747164 130.4064127307437 73.61509685302474 1017.3666441245481 91.14992142245143 432.661137191262
35.000000000001606 81238.60902596956 55292.58649191051 16872.813415092496 21839.653424586035 -12766.444305619498 168.5982308140476 1341.5709263001745 34.56538125682552 0.0 -3999.9396976158027 -8244.814811261022 -6810.156729244269 3011.965842494483 121.03399783962053 66.27024573931438 1003.7429578639495 91.96044521627347 448.75890497690733
40.00000000000061 81439.1091308701 55392.2383749129 16979.761306269815 21837.33521302496 -12770.225763337581 159.389511753617 1346.185143470104 33.50734840985091 0.0 -4005.1476428081824 -8131.223022189938 -6776.375041151934 2943.3040153871793 117.73748979955934 50.352907905882994 983.9240007255921 106.708451861396 401.4110734992921
44.999999999999616 81619.30732274282 55315.629559134824 17036.819813050744 21905.451870784902 -12638.593920227657 155.3597416176294 1404.4250447040922 45.188153239640044 0.0 -3947.985690013653 -8127.881399431153 -6735.318446623105 2924.2671685466644 112.4568046503311 55.480835228006036 967.9540729027425 88.98851913914602 418.4712758120028
49.99999999999862 81278.17565648891 55278.78253258368 16856.710842121232 21845.290992505863 -12702.60871072185 161.70632220989668 1323.9332956668277 40.28159957764969 0.0 -3975.2156134233687 -8226.746383758555 -6751.117419077387 2986.216084031406 121.48490304381869 60.27957657390463 1005.6885934980335 117.90222488908121 432.9781060468436
54.99999999999763 81542.26128387295 55181.288750517546 17187.345950095103 21854.042265243334 -12680.415681983026 155.393312735683 1332.4391404379378 35.202131600963405 0.0 -3975.278654449515 -8111.132798212537 -6859.64964529262 2974.8839801406502 145.27118009308245 50.67272366186817 1017.6694319979487 78.29962320220446 475.8138921013068
59.99999999999663 81371.63450856769 55032.027170792375 17078.99658746853 21959.90525199521 -12699.294501688433 171.73502714761574 1369.1515522599573 28.294446396830818 0.0 -4002.2183981976627 -8167.95962829031 -6779.94732700059 2956.7459171660944 122.76526110271563 56.15683393269651 1003.2382624914582 105.33433370993365 437.4092175928274
64.99999999999635 81414.21134970359 55093.119820041225 16839.744742596227 21878.139887010864 -12396.793099944718 173.48000193303074 1363.878309321202 25.79306674282242 0.0 -3962.842298253137 -8070.7586569146915 -6702.344000471496 3007.651418716263 142.03245155822535 45.74930555899094 1038.8877792994926 103.6348187578689 438.04470380670847
69.9999999999989 81380.9586127261 55194.45739253253 17009.440639730346 21875.950257166634 -12698.889676703395 165.6215390063538 1426.6409665081908 31.957317958273872 0.0 -3999.9274883806843 -8230.581732783507 -6790.659242440184 2997.878218207905 100.67992667858886 78.4420847961949 988.3712383304587 92.8391471695659 439.84834824544924
75.00000000000146 81179.08008184684 55157.251304668855 16937.009675217603 21906.382604510698 -12821.563502550305 156.27326684171786 1366.7624172572937 32.88371893289806 0.0 -4019.541717954507 -8169.72993774152 -6834.962344326021 2956.8994817365538 102.62359769366475 64.05621841096637 1018.3517839503539 95.45244357723979 409.3675690710548
80.00000000000402 81360.16684682855 55212.75428899728 17027.949716267532 21879.26510469508 -12759.80226313135 156.08032948561075 1356.4552582365661 31.540927254080813 0.0 -3999.6857952009314 -8134.541683468193 -6781.70326595124 2931.7747737548975 122.18893755479495 57.34110341747937 928.4205740288813 113.90712480798514 458.4194529487189
85.00000000000658 81451.71983105807 55261.88443983386 17087.16969496995 21883.2449094277 -12780.579213173442 168.2104177579297 1332.629754055697 43.684114140540004 0.0 -3999.95221039136 -8148.752444776492 -6823.193307614146 3005.4791831802395 94.33930467984997 39.25636615514562 962.2768086080181 100.75724829793249 444.6855527332072
90.00000000000914 81324.1528120866 55107.83938022954 16981.32973387456 21864.959484639872 -12629.975786657344 170.15407076191056 1325.6258212681537 27.263999436333812 0.0 -3971.6774287275407 -8101.1704397597305 -6815.2248966340785 2998.3128450141203 129.01537109886283 52.419656826953464 986.6666978728232 85.45572471160845 483.18279147324125
95.0000000000117 81113.38961357235 55366.76229471432 16754.868668328076 21814.96268081334 -12823.204030283421 177.82727065561133 1343.9359405312982 28.14490430551709 0.0 -4028.871255041328 -8185.573852642197 -6822.181268842701 2981.743814061275 112.4502564668318 51.392521089024555 1008.1479022406703 105.37753315616023 404.40220373641364
