# Time boxx boxy boxz
0.0 22.0 22.0 30.0
4.999999999999938 23.94495414205273 23.94495414205273 30.0
9.999999999999831 24.26706855002779 24.26706855002779 30.0
14.999999999999725 24.289279152621887 24.289279152621887 30.0
20.000000000000327 24.625686469745407 24.625686469745407 30.0
25.00000000000111 24.561294776898286 24.561294776898286 30.0
30.00000000000189 24.69178184278881 24.69178184278881 30.0
35.000000000001606 24.59679657955864 24.59679657955864 30.0
40.00000000000061 24.62612853521559 24.62612853521559 30.0
44.999999999999616 24.77598839601188 24.77598839601188 30.0
49.99999999999862 24.625814406922366 24.625814406922366 30.0
54.99999999999763 24.606865256240507 24.606865256240507 30.0
59.99999999999663 24.641757345750225 24.641757345750225 30.0
64.99999999999635 24.741969999738828 24.741969999738828 30.0
69.9999999999989 24.605075892054757 24.605075892054757 30.0
75.00000000000146 24.53219411518685 24.53219411518685 30.0
80.00000000000402 24.658597729255273 24.658597729255273 30.0
85.00000000000658 24.62676758341616 24.62676758341616 30.0
90.00000000000914 24.605283634679882 24.605283634679882 30.0
95.0000000000117 24.528218330123014 24.528218330123014 30.0
