# zheight || 0 up || 1 up || 1 down || 0 down 
0.06 0.0 0.0 0.0 0.0 
0.18 0.0 0.0 0.0 0.0 
0.3 0.0 0.0 0.0 0.0 
0.42 0.0 0.0 0.0 0.0 
0.54 0.0 0.0 0.0 0.0 
0.6599999999999999 0.0 0.0 0.0 0.0 
0.78 0.0 0.0 0.0 0.0 
0.8999999999999999 0.0 0.0 0.0 0.0 
1.02 0.0 0.0 0.0 0.0 
1.1400000000000001 0.0 0.0 0.0 0.0 
1.26 0.0 0.0 0.0 0.0 
1.38 0.0 0.0 0.0 0.0 
1.5 0.0 0.0 0.0 0.0 
1.62 0.0 0.0 0.0 0.0 
1.74 0.0 0.0 0.0 0.0 
1.8599999999999999 0.0 0.0 0.0 0.0 
1.98 0.0 0.0 0.0 0.0 
2.1 0.0 0.0 0.0 0.0 
2.22 0.0 0.0 0.0 0.0 
2.34 0.0 0.0 0.0 0.0 
2.46 0.0 0.0 0.0 0.0 
2.58 0.0 0.0 0.0 0.0 
2.6999999999999997 0.0 0.0 0.0 0.0 
2.82 0.0 0.0 0.0 0.0 
2.94 0.0 0.0 0.0 0.0 
3.06 0.0 0.0 0.0 0.0 
3.18 0.0 0.0 0.0 0.0 
3.3 0.0 0.0 0.0 0.0 
3.42 0.0 0.0 0.0 0.0 
3.54 0.0 0.0 0.0 0.0 
3.6599999999999997 0.0 0.0 0.0 0.0 
3.78 0.0 0.0 0.0 0.0 
3.9 0.0 0.0 0.0 0.0 
4.02 0.0 0.0 0.0 0.0 
4.14 0.0 0.0 0.0 0.0 
4.26 0.0 0.0 0.0 0.0 
4.38 0.0 0.0 0.0 0.0 
4.499999999999999 0.0 0.0 0.0 0.0 
4.619999999999999 0.0 0.0 0.0 0.0 
4.739999999999999 0.0 0.0 0.0 0.0 
4.859999999999999 0.0 0.0 0.0 0.0 
4.9799999999999995 0.0 0.0 0.0 0.0 
5.1 0.0 0.0 0.0 0.0 
5.22 0.0 0.0 0.0 0.0 
5.339999999999999 0.0 0.0 0.0 0.0 
5.459999999999999 0.0 0.0 0.0 0.0 
5.579999999999999 0.0 0.0 0.0 0.0 
5.699999999999999 0.0 0.0 0.0 0.0 
5.819999999999999 0.0 0.0 0.0 0.0 
5.9399999999999995 0.0 0.0 0.0 0.0 
6.06 0.0 0.0 0.0 0.0 
6.18 0.0 0.0 0.0 0.0 
6.3 0.0 0.0 0.0 0.0 
6.419999999999999 0.0 0.0 0.0 0.0 
6.539999999999999 0.0 0.0 0.0 0.0 
6.659999999999999 0.0 0.0 0.0 0.0 
6.779999999999999 0.0 0.0 0.0 0.0 
6.8999999999999995 0.0 0.0 0.0 0.0 
7.02 0.0 0.0 0.0 0.0 
7.14 0.0 0.0 0.0 0.0 
7.259999999999999 0.0 0.0 0.0 0.0 
7.379999999999999 0.0 0.0 0.0 0.0 
7.499999999999999 0.0 0.0 0.0 0.0 
7.619999999999999 0.0 0.0 0.0 0.0 
7.739999999999999 0.0 0.0 0.0 0.0 
7.859999999999999 0.0 0.0 0.0 0.0 
7.9799999999999995 0.0 0.0 0.0 0.0 
8.1 0.0 0.0 0.0 0.0 
8.22 0.0 0.0 0.0 0.0 
8.34 0.0 0.0 0.0 0.0 
8.46 0.0 0.0 0.0 0.0 
8.58 0.0 0.0 0.0 0.0 
8.700000000000001 0.0 0.0 0.0 0.0 
8.82 0.0 0.0 0.0 0.0 
8.94 0.0 0.0 0.0 0.0 
9.06 0.0 0.0 0.0 0.0 
9.18 0.0 0.0 0.0 0.0 
9.3 0.0 0.0 0.0 0.0 
9.42 0.0 0.0 0.0 0.0 
9.540000000000001 0.0 0.0 0.0 0.0 
9.66 0.0 0.0 0.0 0.0 
9.78 0.0 0.0 0.0 0.0 
9.9 0.0 0.0 0.0 0.0 
10.02 0.0 0.0 0.0 0.0 
10.14 0.0 0.0 0.0 0.0 
10.26 0.0 0.0 0.0 0.0 
10.38 0.0 0.0 0.0 0.0 
10.5 0.0 0.0 0.0 0.0 
10.62 0.0 0.0 0.0 0.0 
10.74 0.0 0.0 0.0 0.0 
10.86 0.0 0.0 0.0 0.0 
10.98 0.0 0.0 0.0 0.0 
11.1 0.0 0.0 0.0 0.0 
11.22 0.0 0.0 0.0 0.0 
11.34 0.0 0.0 0.0 0.0 
11.46 0.0 3.6602941179900684e-5 0.0 0.0 
11.58 0.0 0.0 0.0 0.0 
11.7 0.0 0.0 0.0 0.0 
11.82 0.0 3.472083536724719e-5 0.0 0.0 
11.94 0.0 3.412563574900261e-5 0.0 0.0 
