# Time boxx boxy boxz
0.0 40.0 40.0 40.0
1.0000000000000007 40.0 40.0 40.0
2.0000000000000013 40.0 40.0 40.0
2.99999999999998 40.0 40.0 40.0
3.9999999999999587 40.0 40.0 40.0
4.999999999999938 40.0 40.0 40.0
5.9999999999999165 40.0 40.0 40.0
6.999999999999895 40.0 40.0 40.0
7.999999999999874 40.0 40.0 40.0
8.999999999999853 40.0 40.0 40.0
9.999999999999831 40.0 40.0 40.0
10.99999999999981 40.0 40.0 40.0
11.999999999999789 40.0 40.0 40.0
12.999999999999767 40.0 40.0 40.0
13.999999999999746 40.0 40.0 40.0
14.999999999999725 40.0 40.0 40.0
15.999999999999703 40.0 40.0 40.0
16.999999999999858 40.0 40.0 40.0
18.000000000000014 40.0 40.0 40.0
19.00000000000017 40.0 40.0 40.0
20.000000000000327 40.0 40.0 40.0
21.000000000000483 40.0 40.0 40.0
22.00000000000064 40.0 40.0 40.0
23.000000000000796 40.0 40.0 40.0
24.000000000000952 40.0 40.0 40.0
25.00000000000111 40.0 40.0 40.0
26.000000000001265 40.0 40.0 40.0
27.00000000000142 40.0 40.0 40.0
28.000000000001577 40.0 40.0 40.0
29.000000000001734 40.0 40.0 40.0
30.00000000000189 40.0 40.0 40.0
31.000000000002046 40.0 40.0 40.0
32.0000000000022 40.0 40.0 40.0
33.000000000002004 40.0 40.0 40.0
34.000000000001805 40.0 40.0 40.0
35.000000000001606 40.0 40.0 40.0
36.00000000000141 40.0 40.0 40.0
37.00000000000121 40.0 40.0 40.0
38.00000000000101 40.0 40.0 40.0
39.00000000000081 40.0 40.0 40.0
40.00000000000061 40.0 40.0 40.0
41.00000000000041 40.0 40.0 40.0
42.00000000000021 40.0 40.0 40.0
43.000000000000014 40.0 40.0 40.0
43.999999999999815 40.0 40.0 40.0
44.999999999999616 40.0 40.0 40.0
45.99999999999942 40.0 40.0 40.0
46.99999999999922 40.0 40.0 40.0
47.99999999999902 40.0 40.0 40.0
48.99999999999882 40.0 40.0 40.0
49.99999999999862 40.0 40.0 40.0
50.99999999999842 40.0 40.0 40.0
51.999999999998224 40.0 40.0 40.0
52.999999999998025 40.0 40.0 40.0
53.999999999997826 40.0 40.0 40.0
54.99999999999763 40.0 40.0 40.0
55.99999999999743 40.0 40.0 40.0
56.99999999999723 40.0 40.0 40.0
57.99999999999703 40.0 40.0 40.0
58.99999999999683 40.0 40.0 40.0
59.99999999999663 40.0 40.0 40.0
60.99999999999643 40.0 40.0 40.0
61.999999999996234 40.0 40.0 40.0
62.999999999996035 40.0 40.0 40.0
63.999999999995836 40.0 40.0 40.0
64.99999999999635 40.0 40.0 40.0
65.99999999999686 40.0 40.0 40.0
66.99999999999737 40.0 40.0 40.0
67.99999999999788 40.0 40.0 40.0
68.9999999999984 40.0 40.0 40.0
69.9999999999989 40.0 40.0 40.0
70.99999999999942 40.0 40.0 40.0
71.99999999999993 40.0 40.0 40.0
73.00000000000044 40.0 40.0 40.0
74.00000000000095 40.0 40.0 40.0
75.00000000000146 40.0 40.0 40.0
76.00000000000198 40.0 40.0 40.0
77.00000000000249 40.0 40.0 40.0
78.000000000003 40.0 40.0 40.0
79.00000000000351 40.0 40.0 40.0
80.00000000000402 40.0 40.0 40.0
81.00000000000453 40.0 40.0 40.0
82.00000000000504 40.0 40.0 40.0
83.00000000000556 40.0 40.0 40.0
84.00000000000607 40.0 40.0 40.0
85.00000000000658 40.0 40.0 40.0
86.00000000000709 40.0 40.0 40.0
87.0000000000076 40.0 40.0 40.0
88.00000000000811 40.0 40.0 40.0
89.00000000000863 40.0 40.0 40.0
90.00000000000914 40.0 40.0 40.0
91.00000000000965 40.0 40.0 40.0
92.00000000001016 40.0 40.0 40.0
93.00000000001067 40.0 40.0 40.0
94.00000000001118 40.0 40.0 40.0
95.0000000000117 40.0 40.0 40.0
96.00000000001221 40.0 40.0 40.0
97.00000000001272 40.0 40.0 40.0
98.00000000001323 40.0 40.0 40.0
99.00000000001374 40.0 40.0 40.0
