# Components of the total pressure tensor in row major order
# pxx pxy pxz pyx pyy pyz pzx pzy pzz
0.0 0.004058871205799203 0.001912307033542733 0.008348634094845634 0.0019123070335427404 0.004841728599371473 0.0021173924080630426 0.00834863409484562 0.0021173924080630582 -0.014239612085014397  
1.0000000000000007 -0.021743013683543443 0.006279478490503775 -0.0018978773155681212 0.006279478490503768 -0.01520214291616289 0.007721269487177891 -0.0018978773155681108 0.007721269487177891 -0.018025297996527273  
2.0000000000000013 0.016103183083289674 -0.004948754723791393 -0.0043842767739021085 -0.004948754723791383 -0.0030368711966610312 -0.008701099607573393 -0.004384276773902125 -0.008701099607573388 0.0013557649864105181  
2.99999999999998 0.012801241567619193 -0.002522559131522168 0.0023894901960668487 -0.002522559131522167 -0.007213689887470592 -0.01456282781906525 0.002389490196066848 -0.01456282781906527 0.013819420991621478  
3.9999999999999587 0.007722026148089714 0.005881643367085297 -0.005289362616231101 0.005881643367085306 0.022565681980427604 -0.009913608391575218 -0.005289362616231096 -0.009913608391575238 0.007234872713295773  
4.999999999999938 0.012912903417095542 0.002137265157243216 0.0031582489913117616 0.0021372651572432112 -0.011465682257426502 0.00017483864727646406 0.0031582489913117642 0.00017483864727647186 -0.0003887453925519868  
5.9999999999999165 0.020264072164506514 0.005285592927301925 0.000172208405177677 0.005285592927301923 -0.011340897117432705 0.005310582270908876 0.00017220840517766803 0.00531058227090886 -0.005238553048058425  
6.999999999999895 0.004841068607559909 -0.009599782118022244 -0.0010046877181675226 -0.009599782118022251 -0.006166692600904675 0.0029758239165419927 -0.0010046877181675246 0.0029758239165419854 -0.000820353449856745  
7.999999999999874 0.006040650344332363 0.005987838709419518 -0.002497395233158928 0.005987838709419538 0.010944013946327172 -0.014744423379030008 -0.0024973952331589213 -0.014744423379030026 0.015809440807501504  
8.999999999999853 -0.00033344686345714025 0.0033557701089138997 0.006895574497327826 0.0033557701089139066 0.001530202576474654 0.0007072419565688728 0.006895574497327829 0.0007072419565688742 -0.006717620420152962  
9.999999999999831 0.0021337408647360556 0.012669064278413335 -0.004252104545438976 0.012669064278413356 -0.012347992999430187 -0.004600643134206803 -0.004252104545438989 -0.0046006431342068095 -0.0006488506850611114  
10.99999999999981 -0.02130948023426211 -0.005088660674073796 0.00162614819739006 -0.005088660674073798 -0.0009391475432796448 -0.0029713984533569814 0.0016261481973900665 -0.0029713984533569875 -0.0005845711962105121  
11.999999999999789 -0.013440840060544204 -0.002724278310819616 0.007923872916436585 -0.0027242783108196236 -0.01701909749048096 -0.008038671398625456 0.007923872916436599 -0.008038671398625429 0.009546103422672897  
12.999999999999767 0.005484418530746743 -0.0120904276653516 0.001803298854174169 -0.012090427665351611 0.005207167278104802 0.0017056290085565233 0.001803298854174169 0.001705629008556519 0.01061468632501221  
13.999999999999746 0.002718093878735811 0.0033591629246298264 -0.005518600474013908 0.003359162924629828 0.009054987658249511 -0.005654466920735304 -0.005518600474013893 -0.005654466920735322 0.010917626376859182  
14.999999999999725 -0.0010477504973854385 0.006058876052106166 0.0056555310739920565 0.006058876052106173 0.005776278325548126 -0.006194419089487506 0.005655531073992053 -0.006194419089487516 0.018645007037127376  
15.999999999999703 0.0041694997763810915 0.002597795630881211 -0.0019124117148252755 0.002597795630881197 -0.0031259240849487446 -0.0025140031396742226 -0.0019124117148252772 -0.0025140031396742174 -0.010471854597380273  
16.999999999999858 -0.00029823093240533005 -0.011146035716366121 -0.006306946430518155 -0.011146035716366121 -0.0028196116279905897 0.005971240511206007 -0.006306946430518155 0.005971240511206019 0.004974582362850755  
18.000000000000014 0.017357474769634243 -0.0008993215631997156 -0.002869112932210893 -0.0008993215631997165 0.008271662269230137 0.006229788924157288 -0.0028691129322108953 0.006229788924157296 0.010991354949077145  
19.00000000000017 0.012915762308413847 0.0029453314767766917 -0.0010271804864858843 0.00294533147677669 -0.0068977258003005415 -0.0007689322876332505 -0.001027180486485883 -0.0007689322876332592 0.001020033615226304  
20.000000000000327 -0.0396566104028092 -0.0028697935630934536 -0.00260468179614511 -0.0028697935630934545 -0.010685503796520418 -0.0041220684804522765 -0.0026046817961451075 -0.004122068480452275 -0.006733230121013262  
21.000000000000483 -0.003313414445569124 -0.004269436213295405 -0.000949582392919797 -0.004269436213295409 -0.019107981533818943 -0.0001728220706197327 -0.0009495823929198046 -0.00017282207061972317 0.005746293832772212  
22.00000000000064 -0.01651672940699253 -0.009488981841574167 -0.001248716698259973 -0.009488981841574172 -0.006011049270273322 -0.003897348102459421 -0.001248716698259976 -0.003897348102459415 -0.002478620524550751  
23.000000000000796 -0.019364037669869202 0.001480468909789371 0.005026809086147031 0.0014804689097893727 -0.008049166915203257 0.007841827030590819 0.005026809086147036 0.007841827030590836 -0.008929443925748709  
24.000000000000952 -0.01453670601325742 -0.0033709024395971333 0.0062431753199912055 -0.0033709024395971367 -0.01206109313306905 -0.005702987664222953 0.0062431753199912055 -0.005702987664222947 -0.0028540631472640104  
25.00000000000111 0.0019308875514357088 0.0008440516257140537 -0.011317812575950121 0.0008440516257140294 0.006406760155000246 8.156596854454277e-5 -0.011317812575950128 8.156596854454103e-5 0.01322343793832964  
26.000000000001265 0.017248233199932392 -0.0049429025921288 0.017288469261553325 -0.004942902592128795 0.018065096116022514 0.008602644914315944 0.01728846926155333 0.008602644914315921 0.022021574091824564  
27.00000000000142 -0.010625214104968903 -0.007285939689067045 -0.0018547588631453549 -0.007285939689067048 0.01616360341353547 0.007809246859032512 -0.0018547588631453605 0.007809246859032528 -0.007704584455074562  
28.000000000001577 -0.004557917262345237 -0.003269665315725749 -0.000668752691092689 -0.0032696653157257474 -0.008933962178759788 0.003661634384532795 -0.000668752691092696 0.003661634384532802 -0.0167092365287769  
29.000000000001734 0.007702441747927169 0.002893659926879083 0.00846661962717872 0.0028936599268791 0.012243648533348708 -0.008626607293081456 0.008466619627178713 -0.008626607293081448 0.015784889296989138  
30.00000000000189 0.0080338898513507 -0.003203435784121518 0.007536947940390923 -0.0032034357841215144 0.017739431205673922 -0.0014920268043119133 0.007536947940390929 -0.0014920268043119118 0.00952487528587706  
31.000000000002046 -0.010073740305724686 -0.006209739630982328 -0.0021149741912968754 -0.006209739630982315 -0.005072267691137708 -0.004057977128877456 -0.0021149741912968836 -0.0040579771288774625 -0.0047551794232835315  
32.0000000000022 -0.00038100879816313493 0.0010727831750582176 0.010172297441563637 0.0010727831750582287 0.013872477888139598 -0.006557476924141453 0.010172297441563631 -0.0065574769241414825 -0.008019575470087414  
33.000000000002004 0.0003849857781711291 0.0006300598067479372 0.007124639965511906 0.0006300598067479428 -0.012002048777369989 -0.0023340462903104937 0.007124639965511911 -0.0023340462903104903 -0.0055665427165349085  
34.000000000001805 -0.02015814267544433 -0.008132459634345677 -0.003486418882556656 -0.008132459634345666 -0.01432257251441102 0.008947801288372404 -0.0034864188825566586 0.008947801288372397 -0.000790738466856386  
35.000000000001606 -0.013301048413982594 0.00031239083437132643 0.0013865039673129995 0.0003123908343713247 -0.02006410030936734 0.0029843168847671925 0.0013865039673129857 0.002984316884767184 -0.008175067313300366  
36.00000000000141 -0.00026883212144077073 -0.008364915157532214 -0.007575363466454339 -0.008364915157532217 0.005373690836960987 0.00026585929011185166 -0.007575363466454337 0.00026585929011183757 -0.0010953314991069413  
37.00000000000121 0.01938464315993807 -0.004120566632963316 0.0013846912761051417 -0.00412056663296332 -0.0009303276394701659 0.0005551548793733038 0.0013846912761051383 0.0005551548793733116 0.0035709729199415036  
38.00000000000101 0.0028082139102292014 -0.0011297282077682973 0.002833219162242642 -0.0011297282077683043 0.01940610600457751 -0.003343856102738357 0.0028332191622426426 -0.0033438561027383604 -0.006596473361589916  
39.00000000000081 -0.0037470628335777023 0.00433638820626254 0.0111709703568749 0.004336388206262542 -0.0012674421795848267 0.010761420239478889 0.011170970356874902 0.010761420239478896 0.01697631068550183  
40.00000000000061 -0.02278837170200529 -0.002411600622321354 0.0017990366217768745 -0.002411600622321353 -0.020058779115716734 -0.0006004037360612335 0.001799036621776886 -0.0006004037360612465 -0.02198753297338661  
41.00000000000041 7.587296512609476e-5 -0.013327583179834967 -0.001912631983735847 -0.01332758317983496 -0.009344743359916044 -0.004163051498729832 -0.0019126319837358594 -0.004163051498729836 0.0018748024349780484  
42.00000000000021 0.010800276676783307 0.004585229140654659 0.010720204298171412 0.004585229140654661 0.0005294169173034741 -0.004742159529535656 0.010720204298171408 -0.004742159529535658 0.00853091783199901  
43.000000000000014 -0.0015351745947366907 0.002657304495817129 -0.01067243309544901 0.0026573044958171145 -0.003500554401186573 -0.005023313504619525 -0.010672433095449005 -0.005023313504619525 -0.0039844524131609355  
43.999999999999815 -0.006058711148030499 -0.0039236002531845724 0.005643341406550588 -0.00392360025318456 -0.008574249314169377 -0.0014660269975363396 0.005643341406550569 -0.0014660269975363452 -0.00037820139831751254  
44.999999999999616 -0.015881824617965806 -0.00012407617706212916 -0.00014826088758629688 -0.00012407617706212265 -0.009363071295398692 0.0046045046780382294 -0.00014826088758631596 0.004604504678038247 0.004338611864633968  
45.99999999999942 0.011955627849853531 0.006215924773383613 0.0012592060081540683 0.006215924773383617 0.03025043484763358 -0.002445850096796039 0.0012592060081540717 -0.002445850096796053 0.0015379757950442358  
46.99999999999922 -0.005644132961631618 0.006531794168773615 -0.005882524545702136 0.00653179416877361 0.00416801165202936 0.014224424593642693 -0.005882524545702098 0.0142244245936427 0.004267347797790116  
47.99999999999902 -0.0005257435365300933 -0.004319581675522816 -0.00600715248130909 -0.004319581675522813 0.003418971315312297 -0.0004440053005828398 -0.006007152481309086 -0.0004440053005828528 -0.0018620585411008722  
48.99999999999882 -0.009260017880099683 0.006259672361866077 0.004350754597092367 0.006259672361866074 -0.0057724035675317115 0.0028353520944676015 0.00435075459709235 0.002835352094467607 -0.018007157284026284  
49.99999999999862 0.005339630421889965 -0.0014129682254951119 -0.00429679001037069 -0.0014129682254950997 0.01863520148949871 0.005908278147816724 -0.00429679001037068 0.00590827814781672 0.007297174847749721  
50.99999999999842 -0.005363251909344752 -0.008763361350356396 0.005847659118527658 -0.008763361350356404 -0.0023974111420763528 0.007062848769409876 0.005847659118527641 0.00706284876940988 0.014934554624036853  
51.999999999998224 0.0022374301453719214 0.005960041663122194 0.01297938700104408 0.005960041663122191 -0.0040565318666732075 0.0028008884408343695 0.012979387001044099 0.0028008884408343556 0.004863268314240346  
52.999999999998025 -0.025964653205628088 -0.0005200128161452276 0.004927141797755795 -0.000520012816145214 -0.013789657541993683 -1.3301700718664801e-5 0.0049271417977557914 -1.3301700718660464e-5 -0.01780033665333875  
53.999999999997826 -0.01911360768389489 -0.000738662933906228 -0.00835880801519807 -0.0007386629339062355 -0.0067783062175710285 -0.0011185773590088825 -0.008358808015198085 -0.0011185773590088955 -0.0013963965055105443  
54.99999999999763 -0.0032601271705741397 0.00031189879557368865 -0.011802510857719465 0.000311898795573693 -0.005855691295551843 -0.007286022455597524 -0.01180251085771946 -0.0072860224555975255 -0.005563273581730269  
55.99999999999743 0.003773817222093842 0.0027449498715044467 0.0007020966267019309 0.0027449498715044446 0.002375247981523068 0.009752978703981934 0.0007020966267019188 0.00975297870398192 0.007072161131275456  
56.99999999999723 0.010279813668901447 -0.003052998125850712 0.004797182401301711 -0.00305299812585072 0.021294719253057953 0.009118775284327798 0.004797182401301701 0.00911877528432779 0.00996017377874818  
57.99999999999703 0.020240313204836588 0.0023527224356526396 0.010099938520826362 0.002352722435652644 0.004588065115718451 -0.003616104065215805 0.010099938520826371 -0.003616104065215807 0.008238120886022729  
58.99999999999683 -0.009489701046995078 0.004295237702806577 0.011276607442079381 0.004295237702806581 0.008357454443639264 -0.013856773053927351 0.011276607442079388 -0.013856773053927334 -0.01033669743851294  
59.99999999999663 0.017571361946203526 -0.005664528333543985 -0.014900485800250904 -0.005664528333543971 0.010907053373866035 0.013147110743608758 -0.014900485800250902 0.013147110743608782 0.012437407211056448  
60.99999999999643 0.0008383476652020355 0.009053765238627151 0.0003690982274503563 0.009053765238627163 -0.00544498903080784 0.010356827614576469 0.00036909822745036756 0.010356827614576484 -0.0011371416578810495  
61.999999999996234 -7.356030971125693e-5 -0.005895850366982696 -0.004722988922591197 -0.005895850366982699 -0.015319412173933344 -0.0014631063363462066 -0.0047229889225912005 -0.001463106336346203 -0.003587949886328906  
62.999999999996035 0.013375795191531203 0.001017968239974909 0.003949098742536938 0.001017968239974902 -0.0013713557960521594 -0.003851010106947758 0.003949098742536936 -0.0038510101069477755 -0.020614796508240912  
63.999999999995836 -0.010244461413658826 0.0065662725291322005 0.004499331164760386 0.006566272529132187 -0.008918954463451922 0.010923938493429552 0.004499331164760392 0.010923938493429555 0.0027135629929157246  
64.99999999999635 0.007250170986827911 -0.0078113049123668885 -0.002481033499312623 -0.007811304912366883 0.012454980924881509 0.003973852495326828 -0.002481033499312642 0.003973852495326821 0.011865908780594334  
65.99999999999686 0.009673905297162402 0.0033627076151177006 -0.006031447835570055 0.0033627076151177032 0.009010433387573596 -0.0009382201774105342 -0.006031447835570058 -0.0009382201774105342 0.013990591131196176  
66.99999999999737 0.01486749247173419 0.0007709786825963855 0.004075054672466072 0.0007709786825963922 -0.00826139753135545 0.01239190414997567 0.004075054672466058 0.01239190414997568 0.014043504558666167  
67.99999999999788 -0.016203191153315546 -0.0017112050624839797 -0.004399666384376194 -0.0017112050624839702 0.0009527759014387599 0.016098374794248985 -0.004399666384376202 0.016098374794248985 -0.005599424462531366  
68.9999999999984 0.019218523148393396 -0.014706317166869693 0.010258185641066014 -0.014706317166869688 0.008236381765659481 0.0003660070366321745 0.01025818564106602 0.00036600703663217105 -0.00019938037722766477  
69.9999999999989 -0.015509544667286851 -0.00032054062694353985 -0.015216856122288824 -0.00032054062694355026 -0.007197159491591332 0.013332487926218752 -0.01521685612228882 0.01333248792621876 -0.013385869243657103  
70.99999999999942 -0.00155815736824709 0.0004978179883644678 0.0030861528166064786 0.0004978179883644773 -0.008873963389139261 -0.0023205082533486665 0.0030861528166064725 -0.00232050825334867 -0.011843598503231453  
71.99999999999993 0.012206342413254523 -0.011518784824249954 -0.01161101940315156 -0.011518784824249936 -0.005854883217444609 0.0016404334617311465 -0.011611019403151556 0.0016404334617311483 0.0010887801160501115  
73.00000000000044 -0.015639863473163818 0.0002482989396864091 -0.001045065191054359 0.00024829893968641406 0.0005089308443151086 0.001209709596040334 -0.0010450651910543704 0.001209709596040348 -0.022614538533735032  
74.00000000000095 -0.0022810480841650993 -0.0031483749496128933 0.003309096522340369 -0.003148374949612894 0.0050452851752778305 -0.0016552115164997858 0.0033090965223403533 -0.0016552115164997962 0.012965415642040318  
75.00000000000146 0.0172579435179136 0.01104004305536729 0.001938995690203219 0.011040043055367304 0.0016530596135482384 0.0019110043596426932 0.001938995690203216 0.001911004359642695 0.019832082716456464  
76.00000000000198 -0.00012761224211695066 0.008760160265173955 0.004691099798637759 0.008760160265173959 -0.0037022246877927295 -0.0007464743339913177 0.0046910997986377555 -0.0007464743339913055 0.005281971775761771  
77.00000000000249 0.01949617958206641 0.003701635919447458 0.0011396127129968472 0.0037016359194474535 0.016918777141291697 -0.008560491129030803 0.001139612712996835 -0.008560491129030802 0.010072045810255947  
78.000000000003 -0.020255610461666892 -0.00021023098766848134 0.006620081430187471 -0.00021023098766846876 -0.0102070326565072 -0.01019116372597019 0.006620081430187483 -0.010191163725970186 -0.01734767668538556  
79.00000000000351 0.012265871273993728 -0.003945953768873883 0.001235294260866113 -0.003945953768873882 0.0191001844475073 -0.00026659998953051066 0.0012352942608661096 -0.00026659998953054275 0.007891732864218792  
80.00000000000402 -0.017282737249024252 0.00448162242380528 0.001034460384492784 0.004481622423805275 -0.005021243629944369 -0.0027027157500518952 0.0010344603844927788 -0.0027027157500518866 -0.004387230362820266  
81.00000000000453 0.0015190115969861001 -0.0023771240503442648 -0.007523216206600253 -0.0023771240503442474 0.008527837533449198 -0.006422999460604208 -0.007523216206600242 -0.0064229994606041976 -0.002867776045688483  
82.00000000000504 -0.00790735723813328 -0.0033504492306638545 -0.004553403601447117 -0.003350449230663832 0.005690819631710753 0.004997824068169435 -0.004553403601447103 0.004997824068169425 0.005334491071322084  
83.00000000000556 0.0009421358595557983 2.6822768363050833e-5 0.004870809881959559 2.6822768363043027e-5 0.01967666132674449 0.0041596362877112224 0.0048708098819595395 0.0041596362877112086 0.006573713461893851  
84.00000000000607 -0.003832558777675993 -0.0024087958478830004 -0.004392636050054844 -0.0024087958478829895 -0.00037379382992135113 0.0009737651624906543 -0.004392636050054849 0.0009737651624906456 -0.004137888362853129  
85.00000000000658 -0.022688520190385017 -0.010853439207809353 0.004245010380738656 -0.01085343920780936 0.01578823973989671 -0.0009509887229718662 0.004245010380738653 -0.0009509887229718923 -0.012108044812801907  
86.00000000000709 0.01455015077591916 0.0017247534057804473 0.0036408240489385338 0.0017247534057804447 0.004227261912305755 0.007144969772225481 0.0036408240489385233 0.007144969772225488 -0.00025433621848126864  
87.0000000000076 0.007230837545183388 0.0006015803638916642 -0.004296766907406499 0.0006015803638916746 0.012764952175686933 -0.009874056513612412 -0.004296766907406501 -0.009874056513612433 0.003626657889905044  
88.00000000000811 0.024039653837422306 -0.001703508666984674 0.004046930601876234 -0.0017035086669846655 0.012665084635277296 0.00822928793289971 0.00404693060187624 0.008229287932899697 0.0166983638197455  
89.00000000000863 0.016614415646413444 0.004766980654673715 0.0005571548294776383 0.004766980654673708 -0.0029973660690790493 0.011332806869674524 0.0005571548294776348 0.011332806869674522 0.020213466784029105  
90.00000000000914 0.0033044862024607935 0.0010587241106770919 0.0008894638880273236 0.0010587241106770986 0.024828181140545344 0.002764884245305076 0.0008894638880273253 0.002764884245305097 0.01698666689592651  
91.00000000000965 -0.0007262383609599188 -0.002849785654831497 0.0006271606714249017 -0.002849785654831497 -0.01912521826690787 0.005276571456319058 0.0006271606714249047 0.005276571456319046 -0.0032022006770605765  
92.00000000001016 -0.008568896147633995 -0.0077079029383292745 -0.002133769021808151 -0.007707902938329271 -0.006383099991901148 0.012076605244543057 -0.002133769021808161 0.012076605244543053 -0.010276695259260601  
93.00000000001067 -0.0037842481417346002 -0.006144904593570577 -0.007233408468584912 -0.006144904593570591 0.014673860405228278 -0.0008576829610162616 -0.007233408468584914 -0.0008576829610162651 0.015692302045980086  
94.00000000001118 -0.016398886290722683 -0.0021345525619688014 -0.008237683209940672 -0.002134552561968812 -0.0010352618657061968 -0.016094929444928685 -0.008237683209940672 -0.016094929444928664 -0.023403200899557615  
95.0000000000117 0.0028550708360856464 -0.0030448968079899988 0.0003912835832402617 -0.0030448968079899966 0.0004357554608488273 -0.019896193010727696 0.00039128358324026346 -0.01989619301072771 -0.009601404062270377  
96.00000000001221 -0.00968061263535816 0.0018923569467003756 0.010796426024588218 0.001892356946700374 -0.011173807638240725 0.002541231400481842 0.010796426024588213 0.002541231400481842 -0.0036765540606779196  
97.00000000001272 -0.010214927752253841 -0.012632514856912202 0.0025597724273663724 -0.012632514856912209 -0.002316873360059854 0.013456701544232574 0.002559772427366374 0.013456701544232553 -0.008730509970828595  
98.00000000001323 0.008139774204198771 0.010630351650362906 -0.009249560365920681 0.01063035165036291 0.009869822794422403 -0.010303681865049557 -0.00924956036592069 -0.010303681865049546 -0.0017056141574019953  
99.00000000001374 -0.003494752315738009 -0.004305985475694669 0.0036917964317898892 -0.004305985475694663 7.734072189086172e-5 -0.0024381142080327064 0.0036917964317898858 -0.0024381142080326925 -0.0019365092693664765  
