# Components of the total pressure
# Time p_inst(NPT only) total ideal fene harmonic nonbonded 
0.0 0.0 -0.0017796707599506273 0.055735544825295 -0.5212791808001407 0.2075678314973298 0.2561961337175653  
1.0000000000000007 0.0 -0.018323484865410578 0.05545841217977291 -0.5250052495716208 0.20757048890695232 0.2436528636194849  
2.0000000000000013 0.0 0.004807358957679628 0.05434375363594121 -0.520309514135009 0.20754456507989755 0.2632285543768499  
2.99999999999998 0.0 0.006468990890590054 0.05397178366049778 -0.5204885021878896 0.20756450067968304 0.2654212087382988  
3.9999999999999587 0.0 0.012507526947272196 0.05388901280156507 -0.5180065805206938 0.2075377792016228 0.26908731546477815  
4.999999999999938 0.0 0.000352825255707484 0.05294707711179451 -0.5218088871755875 0.20762363097684047 0.2615910043426599  
5.9999999999999165 0.0 0.001228207333005396 0.053084418624270914 -0.5217349982808251 0.20758735945984613 0.26229142752971346  
6.999999999999895 0.0 -0.0007153258143997865 0.051731802497404666 -0.5220069223709666 0.20758625940083836 0.26197353465832374  
7.999999999999874 0.0 0.010931368366052976 0.05274249319394139 -0.5207058702422596 0.2075922702302478 0.2713024751841233  
8.999999999999853 0.0 -0.001840288235711196 0.053231870061298064 -0.5231785324082 0.20761115036192246 0.2604952237492683  
9.999999999999831 0.0 -0.0036210342732533457 0.05245169203575775 -0.5200782680688125 0.20761351062985575 0.2563920311299457  
10.99999999999981 0.0 -0.007611066324584359 0.053036774594686045 -0.5216311522707036 0.20760990279762184 0.25337340855381135  
11.999999999999789 0.0 -0.00697127804278401 0.05075237841028031 -0.52078075190105 0.20766242977845298 0.25539466566953267  
12.999999999999767 0.0 0.007102090711287493 0.05074554972342201 -0.5205594126817749 0.20765800599561135 0.269257947674029  
13.999999999999746 0.0 0.007563569304615242 0.05230225821724275 -0.5206040077991918 0.2076628825440141 0.26820243634255014  
14.999999999999725 0.0 0.007791178288429235 0.05157509576580397 -0.5188730280392821 0.20759876031393193 0.26749035024797546  
15.999999999999703 0.0 -0.003142759635314865 0.051216103360930305 -0.5198973430065873 0.2076208607424099 0.2579176192679322  
16.999999999999858 0.0 0.0006189132674845471 0.05123311630085919 -0.5203583283881885 0.20762447267198067 0.2621196526828332  
18.000000000000014 0.0 0.012206830662647189 0.05146616767052886 -0.5176399767734485 0.20760798433137886 0.27077265543418794  
19.00000000000017 0.0 0.0023460233744446307 0.05152762545157499 -0.5193874287535382 0.20763520295380336 0.2625706237226045  
20.000000000000327 0.0 -0.019025114773447344 0.05131137831943175 -0.5218450266278489 0.207676928882292 0.2438316046526778  
21.000000000000483 0.0 -0.00555836738220554 0.051912766838015496 -0.522860736974474 0.20767662762851777 0.25771297512573516  
22.00000000000064 0.0 -0.008335466400605673 0.050919035930566986 -0.5221697079062343 0.20764777920281605 0.25526742637224553  
23.000000000000796 0.0 -0.012114216170273362 0.051638983375514154 -0.5216166254409835 0.20765042017552227 0.25021300571967375  
24.000000000000952 0.0 -0.009817287431197724 0.051734975683427706 -0.522524076769537 0.20764119118327973 0.25333062247163185  
25.00000000000111 0.0 0.007187028548254329 0.05172979129686924 -0.5189184067215892 0.207620729977961 0.2667549139950133  
26.000000000001265 0.0 0.01911163446926059 0.05191522510018407 -0.5181360511524173 0.20761100516764092 0.27772145535385295  
27.00000000000142 0.0 -0.000722065048835957 0.0515430728324323 -0.5189008751715102 0.20762589647220103 0.2590098408180409  
28.000000000001577 0.0 -0.010067038656628002 0.05127079970819186 -0.5226684738729296 0.2076806759509325 0.2536499595571773  
29.000000000001734 0.0 0.011910326526089837 0.05106652328571778 -0.5192171425503797 0.20766296564370904 0.27239798014704264  
30.00000000000189 0.0 0.011766065447632285 0.05146292332170208 -0.518548319874895 0.20760974926093848 0.27124171273988673  
31.000000000002046 0.0 -0.006633729140048353 0.05041723869496043 -0.5219882392616246 0.20764790435917788 0.257289367067438  
32.0000000000022 0.0 0.0018239645399630022 0.049233016455067426 -0.5210912198831116 0.207648613255427 0.26603355471258017  
33.000000000002004 0.0 -0.005727868571910974 0.051696788990892896 -0.5237804792717139 0.20763136593345216 0.25872445577545783  
34.000000000001805 0.0 -0.011757151218905013 0.05123205475461068 -0.5230408016788629 0.20765124157808612 0.2524003541272611  
35.000000000001606 0.0 -0.013846738678882434 0.05063587631155805 -0.5230082356522714 0.2076790514046655 0.2508465692571654  
36.00000000000141 0.0 0.0013365090721385309 0.05132952008050033 -0.5203570633212202 0.20761175999812442 0.26275229231473396  
37.00000000000121 0.0 0.007341762813469557 0.05136217409759586 -0.520063934464388 0.2076506962203096 0.26839282695995215  
38.00000000000101 0.0 0.0052059488510725616 0.05128126724280562 -0.5224044284076944 0.20766249850934196 0.26866661150661936  
39.00000000000081 0.0 0.003987268557448423 0.051626274947343134 -0.5192277138967798 0.2076017035634593 0.2639870039434258  
40.00000000000061 0.0 -0.02161156126370274 0.05087113534403064 -0.5234117542642815 0.2076980965705016 0.24323096108604658  
41.00000000000041 0.0 -0.0024646893199366943 0.05150363190426344 -0.5236960381820785 0.20766599758957488 0.2620617193683036  
42.00000000000021 0.0 0.0066202038086955045 0.05056599273127685 -0.5198589263247213 0.20763971639922943 0.2682734210029106  
43.000000000000014 0.0 -0.003006727136361395 0.05169595787494006 -0.5203022078898267 0.2076320888936769 0.2579674339848484  
43.999999999999815 0.0 -0.005003720620173277 0.05195152410906258 -0.5218286181517978 0.20767408275492194 0.25719929066764  
44.999999999999616 0.0 -0.0069687613495773015 0.051111794106232435 -0.5230298004624252 0.20763617179916763 0.25731307320744784  
45.99999999999942 0.0 0.014581346164177361 0.05206771074038943 -0.517950605497422 0.207657065339872 0.27280717558133794  
46.99999999999922 0.0 0.0009304088293968227 0.05106582703009681 -0.5206668799453905 0.20764668704544273 0.2628847746992478  
47.99999999999902 0.0 0.00034372307922700407 0.0522615016342824 -0.5202429928486876 0.20762879199763135 0.2606964222960009  
48.99999999999882 0.0 -0.011013192910552874 0.052354779287339115 -0.5214358152202975 0.20765563816972213 0.2504122048526834  
49.99999999999862 0.0 0.010424002253047446 0.05238305173706835 -0.5179554366371838 0.20764808769028043 0.26834829946288247  
50.99999999999842 0.0 0.0023912971908715136 0.05222957560520505 -0.5207960796617469 0.20758240309812978 0.26337539814928357  
51.999999999998224 0.0 0.0010147221976472831 0.05304517505535639 -0.5215312543122728 0.20762677986196426 0.2618740215925994  
52.999999999998025 0.0 -0.019184882466986575 0.05115897932136169 -0.5235402531169545 0.20765723051494703 0.24553916081365923  
53.999999999997826 0.0 -0.009096103468990355 0.05141438453172998 -0.5210891243220598 0.20766762106350636 0.2529110152578331  
54.99999999999763 0.0 -0.004893030682618191 0.0519081443409591 -0.5225668447863532 0.20764935179430447 0.2581163179684714  
55.99999999999743 0.0 0.004407075444963951 0.05208170023610762 -0.5200444587285622 0.20766086461356698 0.2647089693238515  
56.99999999999723 0.0 0.013844902233570336 0.05134659609495249 -0.5173047002149198 0.20758041000167762 0.27222259635186  
57.99999999999703 0.0 0.01102216640219307 0.05293596261947487 -0.5189654004749072 0.2076654101641112 0.2693861940935142  
58.99999999999683 0.0 -0.003822981347289589 0.05180730128805852 -0.5223275194603668 0.20766995879603561 0.25902727802898307  
59.99999999999663 0.0 0.013638607510377779 0.05139489399927271 -0.5195124518509948 0.2076336823977009 0.27412248296439895  
60.99999999999643 0.0 -0.0019145943411610494 0.051924743129617035 -0.519398590903724 0.20762588897150594 0.25793336446144  
61.999999999996234 0.0 -0.006326974123326196 0.05135782876413096 -0.5214695632463856 0.20765187346481492 0.2561328868941135  
62.999999999996035 0.0 -0.0028701190375885893 0.05265345569504054 -0.5197572928365132 0.20766414657454507 0.25656957152933896  
63.999999999995836 0.0 -0.005483284294733229 0.05272749916558331 -0.5222688399985062 0.20765836732381357 0.256399689214376  
64.99999999999635 0.0 0.010523686897433479 0.05261518902438934 -0.5190484939534238 0.2076194082511102 0.26933758357535775  
65.99999999999686 0.0 0.010891643271977641 0.05127034299668198 -0.5197602985793497 0.20765175376292405 0.27172984509172127  
66.99999999999737 0.0 0.006883199833015163 0.05041819140517992 -0.5208187084934276 0.2076142932056513 0.26966942371561153  
67.99999999999788 0.0 -0.0069499465714704806 0.052027181104775694 -0.5202808477396207 0.2076508444729548 0.25365287559041977  
68.9999999999984 0.0 0.009085174845607405 0.05087793918572454 -0.519155995720243 0.2076285441753861 0.26973468720473975  
69.9999999999989 0.0 -0.012030857800846867 0.052128696101045965 -0.521307164673438 0.20767356866460598 0.24947404210693916  
70.99999999999942 0.0 -0.007425239753539412 0.050200084347444614 -0.5201117997369317 0.20767232909662178 0.2548141465393258  
71.99999999999993 0.0 0.002480079770620411 0.05219347118035554 -0.5205418237219211 0.20765835123748244 0.2631700810747036  
73.00000000000044 0.0 -0.012581823720861335 0.05047736357640473 -0.5233257653018877 0.20766491640944013 0.2526016615951815  
74.00000000000095 0.0 0.005243217577718021 0.050750404909474724 -0.5187482134358998 0.20759095233150118 0.2656500737726419  
75.00000000000146 0.0 0.0129143619493053 0.0510366947775365 -0.5206480430549013 0.20759372410980412 0.274931986116866  
76.00000000000198 0.0 0.0004840449486160636 0.052420834063541165 -0.5225953683734945 0.2076528721780846 0.2630057070804849  
77.00000000000249 0.0 0.015495667511205763 0.05317536519226383 -0.5187464220611774 0.20766772607798956 0.27339899830212977  
78.000000000003 0.0 -0.01593677326785195 0.05167150432780868 -0.52329434969086 0.2076794015122149 0.2480066705829844  
79.00000000000351 0.0 0.01308592952857314 0.05234799515683941 -0.518792466225626 0.20761982155242698 0.27191057904493277  
80.00000000000402 0.0 -0.00889707041393005 0.051525234559019195 -0.5200476499260702 0.20762875794494023 0.25199658700818073  
81.00000000000453 0.0 0.002393024361582591 0.05162235309314473 -0.5186696096735622 0.20761429388249758 0.26182598705950255  
82.00000000000504 0.0 0.0010393178216328292 0.0516989895248305 -0.5180592140657312 0.20763381225392225 0.25976573010861126  
83.00000000000556 0.0 0.009064170216063983 0.0512240531728017 -0.5205337932753157 0.2076604758061812 0.2707134345123968  
84.00000000000607 0.0 -0.002781413656815765 0.051852060249383124 -0.5219113286999715 0.20765191237828518 0.2596259424154874  
85.00000000000658 0.0 -0.006336108421096817 0.05136949253685732 -0.5215111364384504 0.2076612833992318 0.25614425208126446  
86.00000000000709 0.0 0.0061743588232483215 0.05059034284732038 -0.5207898527511939 0.20765983110637773 0.2687140376207442  
87.0000000000076 0.0 0.00787414920359164 0.05089847039281122 -0.5198965818936901 0.20767564140330966 0.2691966193011609  
88.00000000000811 0.0 0.01780103409748121 0.05067679213907212 -0.5168233920356683 0.20761406953540126 0.2763335644586762  
89.00000000000863 0.0 0.011276838787119672 0.05009292017853425 -0.5208027168050194 0.207641070324745 0.2743455650888599  
90.00000000000914 0.0 0.015039778079643712 0.05234916246838239 -0.5166166534673791 0.207605647203207 0.27170162187543334  
91.00000000000965 0.0 -0.007684552434976372 0.05075391226960043 -0.5209396274470927 0.20763390236837645 0.2548672603741394  
92.00000000001016 0.0 -0.0084095637995983 0.05180790920612362 -0.5211973699199168 0.2076665277353601 0.25331336917883485  
93.00000000001067 0.0 0.008860638103159249 0.051169623661295245 -0.5194896602966976 0.2076984865121831 0.26948218822637854  
94.00000000001118 0.0 -0.013612449685328265 0.050703290111011934 -0.5221903631127444 0.20770284336855707 0.2501717799478471  
95.0000000000117 0.0 -0.002103525921777441 0.05123991081054598 -0.5217903480524997 0.20766510953087935 0.26078180178929694  
96.00000000001221 0.0 -0.008176991444758627 0.0510405847349129 -0.5205709179473402 0.2076597609647111 0.2536935808029576  
97.00000000001272 0.0 -0.007087437027714305 0.05167586159485582 -0.5202348347467198 0.20763767364752664 0.2538338624766231  
98.00000000001323 0.0 0.005434660947073108 0.0530546960625423 -0.5205632230794498 0.2076242545510969 0.2653189334128837  
99.00000000001374 0.0 -0.0017846402877364498 0.050232037736051484 -0.5187347673156866 0.20761271385976424 0.25910537543213435  
