# Components of the energy 
# Time total_en fene_en kinetic_en harmonic_en nonbonded_en 0 0 nonbonded 0 1 nonbonded 1 1 nonbonded
0.0 55745.62188276556 37284.69539603238 10340.37433683128 21997.509515973215 -13876.957366071316 97.70704047109939 1403.2305404316096 -15377.894946974026
1.0000000000000007 55168.11567358553 37486.224874610445 10137.14961311986 21976.06923823952 -14431.328052384279 111.85892307727535 1405.4682683260228 -15948.655243787576
2.0000000000000013 54497.74097099689 37219.23789240988 10062.938849680892 22044.70731591426 -14829.143087008135 83.85917741265425 1482.1445465383592 -16395.146810959148
2.99999999999998 54215.74466912185 37219.79619589165 10101.461788950008 21979.355714027188 -15084.869029746986 104.8154184867517 1503.606117864397 -16693.290566098134
3.9999999999999587 53883.24962765988 37095.55265391701 9969.445919522026 22069.789961056973 -15251.538906836127 118.5758666420994 1522.7001020095313 -16892.81487548776
4.999999999999938 53547.12852220397 37307.13077398073 9898.287979679744 21921.842869183525 -15580.133100640021 112.8981560777246 1438.4125213772754 -17131.44377809502
5.9999999999999165 53385.64665663173 37296.797512670026 9915.208932905532 21932.454584211664 -15758.814373155501 117.44194704018877 1484.8570851524532 -17361.113405348144
6.999999999999895 53300.65720110635 37319.768030187355 9939.745214245304 21930.69133990435 -15889.547383230662 121.69845993707874 1434.9806030795912 -17446.226446247332
7.999999999999874 53205.6310883767 37231.990423442345 9831.558042310175 21930.5288457687 -15788.446223144529 120.51375552758334 1421.0912036073669 -17330.05118227948
8.999999999999853 53246.891657960005 37382.10054867232 10033.60166159891 21897.42739857755 -16066.237950888775 113.74702586647452 1419.9658840965144 -17599.950860851764
9.999999999999831 53195.561561313574 37213.70423422989 10039.58675147498 21939.871132700257 -15997.600557091544 120.7904638017641 1423.6109197227934 -17542.0019406161
10.99999999999981 53074.876572537934 37296.28227721665 9961.387083597998 21907.80358058167 -16090.59636885839 99.79900590327715 1429.915618079665 -17620.310992841332
11.999999999999789 52943.314891807 37254.25710214268 9765.590162663171 21849.003478991468 -15925.535851990317 123.96041946723184 1392.5060097502394 -17442.002281207788
12.999999999999767 52842.53325391875 37235.77193204552 9828.412995684734 21882.739037716627 -16104.390711528124 109.10749951756412 1469.5132564248772 -17683.011467470566
13.999999999999746 52817.561158489676 37250.47287533885 9863.654442610989 21849.90128919962 -16146.467448659781 125.68790616466615 1386.0262610994992 -17658.181615923946
14.999999999999725 52717.24760344407 37144.637499650504 9827.618032624221 21938.239093093332 -16193.247021923982 105.20814163284457 1409.4000704755324 -17707.85523403236
15.999999999999703 52702.11453853275 37215.47389101738 9863.568885168715 21908.73032596271 -16285.65856361605 114.15991271836373 1407.398394739862 -17807.216871074277
16.999999999999858 52592.45179354152 37234.59695117029 9899.503092118715 21892.20293117904 -16433.851180926522 126.11332736077176 1389.6349749480428 -17949.599483235335
18.000000000000014 52809.87772341653 37083.55452905809 9858.053955859717 21942.63063758672 -16074.36139908801 130.8110510009955 1428.3764993047446 -17633.54894939375
19.00000000000017 52851.70393651855 37178.92676947741 9964.302298877552 21907.7431857723 -16199.26831760871 136.0141243509861 1373.169424672922 -17708.45186663262
20.000000000000327 52527.77388387428 37323.03596791392 9690.00333501583 21846.932650626706 -16332.19806968218 120.17720913293452 1353.607615376783 -17805.982894191897
21.000000000000483 52723.67921601388 37362.99173756229 9848.330214218853 21813.91643890252 -16301.55917466978 115.47491902290804 1345.4544075493327 -17762.48850124202
22.00000000000064 52727.185833983356 37325.76136488433 9837.360559635668 21855.658977178755 -16291.595067715407 140.493402609728 1364.9058948528882 -17796.994365178023
23.000000000000796 52668.271633377815 37302.86092754729 9825.014062475848 21873.232031853255 -16332.835388498568 133.5218073118221 1364.1563558966473 -17830.513551707038
24.000000000000952 52809.97071491198 37346.62959473983 10036.799530667466 21870.11500122495 -16443.57341172028 158.71112062555784 1371.656387701917 -17973.940920047757
25.00000000000111 52414.06464490336 37158.48098836792 9813.502564141898 21925.651528539136 -16483.5704361456 134.0486580305251 1400.7141051572082 -18018.333199333334
26.000000000001265 52336.88833943351 37112.30424336663 9800.768349889171 21953.926843880185 -16530.111097702462 148.48111325073643 1429.500560509837 -18108.092771463034
27.00000000000142 52309.530551392774 37161.91317935722 9858.30583671152 21927.462116958337 -16638.150581634312 130.25939290474685 1376.848152113451 -18145.25812665251
28.000000000001577 52221.68257346077 37357.4616921318 9740.240896840154 21817.106372271348 -16693.12638778252 139.95298558160565 1350.9578041411623 -18184.037177505288
29.000000000001734 52200.98993018037 37176.97415353306 9815.411450277921 21869.77345990104 -16661.16913353166 140.5656541467981 1404.1603371263113 -18205.89512480477
30.00000000000189 52434.00379072409 37137.07324985364 9867.500081144506 21934.817951976776 -16505.38749225082 117.52609407321583 1374.0032687566538 -17996.91685508069
31.000000000002046 52558.04040497192 37322.265499958114 9908.428790188103 21882.472567461922 -16555.12645263622 142.6063911742461 1398.9933946757264 -18096.726238486193
32.0000000000022 52357.80329697491 37263.20427207151 9626.394138522308 21865.258350839587 -16397.053464458477 127.29017407788315 1394.459841473398 -17918.80348000976
33.000000000002004 52491.816334043586 37415.51748842795 9815.280747459676 21872.24687703674 -16611.228778880773 144.08378990103233 1351.3280533167344 -18106.64062209854
34.000000000001805 52504.61253603705 37374.713119622495 9775.211495073025 21878.26509637897 -16523.577175037422 147.8533622637987 1359.9070984011546 -18031.337635702377
35.000000000001606 52460.120507674175 37371.767477086556 9734.556473050598 21805.47986361796 -16451.68330608095 147.12064615915128 1364.1385463393474 -17962.94249857945
36.00000000000141 52579.73870678044 37229.49219509873 9855.92654440623 21941.624702087356 -16447.304734811878 117.71195533306334 1395.7321746644932 -17960.748864809433
37.00000000000121 52532.48465908276 37220.689479296605 9901.59560857395 21881.571985656614 -16471.37241444441 139.90918284417873 1359.078131957728 -17970.359729246316
38.00000000000101 52398.4187470178 37332.356269962525 9726.399118679592 21819.164672007268 -16479.50131363158 121.61203082380001 1421.5660191099632 -18022.67936356534
39.00000000000081 52408.8355620021 37177.1174804422 9838.675999595825 21932.045446898417 -16539.003364934346 144.03230266061442 1371.1614356163 -18054.19710321126
40.00000000000061 52277.402997193094 37399.432807319026 9763.136898545765 21775.76054513287 -16660.927253804573 118.23717516987402 1337.9874579156206 -18117.151886890068
41.00000000000041 52239.5273130337 37408.92149906039 9682.529313885168 21807.736152826932 -16659.6596527388 140.74267743953743 1365.5338216756293 -18165.936151853966
42.00000000000021 52429.58831868444 37210.76051308854 9792.914839688354 21897.327562629245 -16471.414596721697 127.21575224727238 1393.4945900792047 -17992.124939048175
43.000000000000014 52578.163744626014 37224.31589693656 9994.042431060043 21904.538063671655 -16544.732647042256 114.01636302038273 1416.523463809393 -18075.27247387203
43.999999999999815 52338.77651015768 37319.77319813074 9946.970265038464 21838.80791928879 -16766.774872300295 137.22084222044782 1342.2333548578817 -18246.229069378624
44.999999999999616 52499.02689502666 37372.21841477208 9912.499324866962 21889.21544217963 -16674.906286792007 148.3031591034949 1390.2664686190901 -18213.47591451459
45.99999999999942 52442.04530037489 37100.74504694785 9972.512909946858 21903.639442305874 -16534.8520988257 153.28262287855003 1382.5488478297548 -18070.683569534005
46.99999999999922 52317.770097677625 37249.493464678926 9786.210388332705 21873.305336376216 -16591.239091710213 137.4983843677026 1394.3890879151027 -18123.126563993017
47.99999999999902 52558.92225514268 37232.84297477758 9982.589342784879 21911.343007045994 -16567.853069465786 160.25699958084766 1360.6155112492372 -18088.72558029587
48.99999999999882 52715.64202557069 37302.28554385443 10020.171314384406 21872.682956171542 -16479.49778883969 154.06186550245368 1289.4193626188292 -17922.979016960973
49.99999999999862 52619.63005956674 37113.1989906517 9961.697188726448 21891.903496838426 -16347.169616649831 136.14002627512204 1334.521334255812 -17817.830977180765
50.99999999999842 52864.013916630036 37250.691569115595 9976.10426815547 21927.288594478334 -16290.07051511935 139.6264211233245 1371.1204474120432 -17800.817383654718
51.999999999998224 52886.731629893606 37294.110713487236 10167.416668228585 21895.12496836069 -16469.920720182916 142.91539716019165 1375.109510254115 -17987.945627597222
52.999999999998025 52626.81525342692 37408.31395380021 9868.857714452617 21847.770749174186 -16498.127164000085 131.77928118890995 1323.4312458605575 -17953.337691049554
53.999999999997826 52401.21602833641 37273.410555400005 9874.083344052939 21865.89783321548 -16612.175704332018 129.48256970563466 1347.171004559971 -18088.829278597623
54.99999999999763 52591.060710034435 37349.609608490806 9900.840695268244 21878.496126106078 -16537.8857198307 131.9427921253197 1376.8642677152031 -18046.692779671226
55.99999999999743 52611.06005360228 37214.83698038242 9914.431816817842 21871.981684562124 -16390.190428160102 123.87307247627686 1353.0454651771702 -17867.10896581355
56.99999999999723 52545.417376035104 37068.6514289968 9846.5114036505 22000.64528062112 -16370.390737233323 143.52901773432052 1402.0514875172764 -17915.97124248492
57.99999999999703 52594.369957560906 37163.068127519466 10038.151999636819 21879.16039350567 -16486.01056310103 150.7739957766967 1414.933156135043 -18051.717715012768
58.99999999999683 52507.40196023042 37345.207392052806 9869.424810652503 21844.87838216172 -16552.10862463662 144.96121032764557 1351.6734231913397 -18048.743258155606
59.99999999999663 52413.4351975046 37189.021342438784 9758.36155755632 21914.379704790583 -16448.327407281082 167.86927518554643 1359.464953653323 -17975.661636119952
60.99999999999643 52400.763423256394 37187.88303804634 9928.038251764283 21930.361942231964 -16645.51980878619 99.48961720424337 1394.211044118948 -18139.22047010938
61.999999999996234 52567.13806389521 37295.79127224033 9882.097929913314 21853.36775672985 -16464.118894988278 111.1264444383406 1396.459352277011 -17971.70469170363
62.999999999996035 52587.317487476554 37208.586493921284 9961.040291589672 21868.61095528142 -16450.92025331583 125.41394140505787 1383.7227150820668 -17960.056909802955
63.999999999995836 52644.90910824991 37337.51213150979 10025.77241434887 21837.75851263234 -16556.13395024111 128.1116877289562 1381.5841461065681 -18065.829784076635
64.99999999999635 52421.14498990307 37157.98905469445 9970.029654117074 21902.52670819375 -16609.400427102217 121.1524957734293 1423.651120340715 -18154.20404321636
65.99999999999686 52385.452837840596 37206.17531218815 9876.884581469494 21897.169312640875 -16594.77636845793 144.77821877448392 1392.2792253303598 -18131.833812562774
66.99999999999737 52216.45691635982 37252.5132910662 9647.60299404705 21934.483279116273 -16618.142647869707 150.52586814688337 1398.4959715084995 -18167.16448752509
67.99999999999788 52561.854460928094 37228.33303314801 10057.431668453102 21881.837126864666 -16605.747367537697 120.34920267037141 1386.5462538645445 -18112.642824072613
68.9999999999984 52271.95672337666 37171.337239456334 9747.566037078639 21912.179750644224 -16559.12630380254 140.83000782130216 1384.798597164618 -18084.754908788458
69.9999999999989 52334.49411775189 37285.27014335423 9857.240152993723 21829.095661492134 -16637.1118400882 127.85567966237848 1356.9375828689924 -18121.90510261957
70.99999999999942 52222.307271661804 37229.11361947501 9695.019262088057 21878.52312869148 -16580.34873859274 116.85173658813287 1315.6244100771085 -18012.82488525798
71.99999999999993 52441.43538528012 37249.5647752541 9949.799129935873 21852.02995908086 -16609.958478990702 123.38833654104931 1347.511254223595 -18080.858069755348
73.00000000000044 52423.77093297966 37403.79115776805 9760.511194280794 21825.24161440252 -16565.773033471713 146.2877249208485 1311.9912795990774 -18024.052037991638
74.00000000000095 52432.65780029449 37142.708219635126 9820.134695401734 21968.96999116113 -16499.155105903512 146.8708265748562 1400.6307667008125 -18046.65669917918
75.00000000000146 52569.336204266154 37235.0166739693 9833.57308614898 21916.866819924984 -16416.12037577711 143.10703008118648 1428.3405436768608 -17987.567949535158
76.00000000000198 52607.81895899923 37352.111707943805 9972.984688366534 21862.4629275453 -16579.740364856414 138.4237728780141 1398.0902151561609 -18116.254352890588
77.00000000000249 52627.11794978591 37144.5531608736 10147.740943693389 21897.837007323462 -16563.013162104537 113.89265825875785 1413.110324884012 -18090.016145247308
78.000000000003 52511.45573794585 37401.516878758506 9967.626540298395 21838.731790861977 -16696.419471973026 141.30373326846143 1309.34308822949 -18147.066293470976
79.00000000000351 52486.52877959548 37147.85910076333 9910.84147879847 21959.066093994326 -16531.23789396064 119.07505410167983 1411.8223642717198 -18062.135312334038
80.00000000000402 52366.204719307156 37218.97273791505 9897.977718557355 21908.210362557315 -16658.956099722567 118.23145763739981 1344.1413735412712 -18121.32893090124
81.00000000000453 52377.16847717432 37140.06094559318 9942.798836652866 21910.178452854834 -16615.869757926568 129.29691336236834 1376.674412877061 -18121.841084165997
82.00000000000504 52484.87664928018 37115.43730074737 9925.850145661014 21920.905941117395 -16477.316738245594 125.48567603246639 1396.5323380863395 -17999.3347523644
83.00000000000556 52339.7094995681 37241.65313420822 9829.344470947914 21872.05023686795 -16603.33834245601 131.40366686177174 1404.8684522665283 -18139.61046158431
84.00000000000607 52311.06968576994 37314.25818890036 9806.481702904743 21849.946711770153 -16659.616917805324 132.48471868394748 1364.1977039082594 -18156.29934039753
85.00000000000658 52150.90661426794 37294.7230030965 9738.683742049609 21863.25038738888 -16745.750518267057 145.20298590836873 1386.512462868549 -18277.465967043976
86.00000000000709 52263.25340151383 37259.41704610447 9876.886004911386 21861.964866165952 -16735.014515667965 137.4131622636674 1416.6332780203848 -18289.060955952016
87.0000000000076 52315.733070363494 37217.8761249578 9950.465050723591 21852.214438841256 -16704.822544159164 138.59702178774754 1361.0253650571997 -18204.444931004113
88.00000000000811 52285.96713486052 37033.96728813788 9858.913425021135 21960.73018769801 -16567.643765996505 158.32957963869376 1493.2788382731537 -18219.252183908353
89.00000000000863 52152.42497968192 37249.67127824939 9658.235370396636 21890.471478837364 -16645.95314780146 128.31586664276375 1469.2968613034652 -18243.565875747692
90.00000000000914 52401.13098641589 37023.51502816044 9950.045138635143 21966.906650931433 -16539.335831311106 125.16649354994819 1465.64977014387 -18130.152095004923
91.00000000000965 52338.892617926016 37268.23290145174 9831.523191558184 21897.33310194365 -16658.19657702756 136.63777728661665 1374.4242569219286 -18169.258611236106
92.00000000001016 52466.5590588074 37277.78394990111 10007.531422597458 21862.032067807922 -16680.78838149909 116.42930810094336 1394.3271530079587 -18191.544842607993
93.00000000001067 52294.134035021045 37192.042913742705 9857.394231786002 21840.807416245367 -16596.11052675303 143.98017759340766 1362.7612525022378 -18102.851956848674
94.00000000001118 52285.1165823737 37332.84730165332 9843.735044510615 21786.152614236027 -16677.61837802627 136.8600498666565 1360.7917341758825 -18175.27016206881
95.0000000000117 52522.48565806908 37309.762828590225 9964.002468492197 21842.757477152412 -16594.037116165746 112.25409408098359 1416.6564961750153 -18122.947706421746
96.00000000001221 52433.10248447291 37249.51242818272 9824.804922881143 21848.99790600159 -16490.212772592567 122.78445123042411 1382.5082768558157 -17995.505500678806
97.00000000001272 52602.217201526335 37222.177582838434 10017.610387399527 21901.12129624353 -16538.692064955176 111.27172527246367 1403.8379899436354 -18053.801780171274
98.00000000001323 52767.36920004542 37246.886097037765 10242.180246307735 21894.432704199684 -16616.129847499757 152.79502143510368 1387.0972008259093 -18156.02206976077
99.00000000001374 52516.06049195776 37150.02158008506 9840.741749960525 21963.34837150373 -16438.05120959156 130.55159625620325 1386.4910997499767 -17955.09390559774
