# Components of the total pressure
# Time p_inst(NPT only) total ideal fene harmonic nonbonded 
0.0 0.0 -3.6050428293297907 0.22074982445947583 -3.8153701555566024 0.14496143669434208 -0.15538393492700625  
9.999999999999831 0.0 0.08323938773227402 0.33325434870943116 -3.0684421180238126 0.14142178796152569 2.67700536908513  
20.000000000000327 0.0 -0.07287836162989525 0.3324632572994185 -3.075473503338565 0.1417714077123984 2.5283604766968533  
30.00000000000189 0.0 0.007092583466165481 0.3421121415562513 -3.0567917146904886 0.14094230490902032 2.5808298516913823  
40.00000000000061 0.0 -0.10479492074864072 0.34015463653442507 -3.07091570242911 0.14120559468015795 2.4847605504658863  
49.99999999999862 0.0 0.01264225135878494 0.3149506465219685 -3.076232987039033 0.1413228417429857 2.6326017501328636  
59.99999999999663 0.0 -0.1488566789790382 0.3287564876587807 -3.081847510876212 0.14102938322323338 2.4632049610151596  
69.9999999999989 0.0 -0.09755737843114543 0.31642596547905294 -3.079388943461086 0.14128846789855407 2.5241171316523334  
80.00000000000402 0.0 0.09103526671117756 0.33631259253057305 -3.0545785991832552 0.1412329765599898 2.66806829680387  
90.00000000000914 0.0 0.015552509294418537 0.32867523379005037 -3.0524777499439515 0.1412016121891025 2.598153413259217  
100.00000000001425 0.0 -0.042327471281727425 0.3295028535945491 -3.0645201596974045 0.1412336855366879 2.55145614928444  
110.00000000001937 0.0 -0.22789472405521705 0.3399063469459938 -3.1051145663957853 0.14136642292205348 2.395947072472521  
120.00000000002449 0.0 -0.1545239956129163 0.3342590573423532 -3.0916433250304234 0.140897670860523 2.4619626012146307  
130.00000000002674 0.0 -0.030179224454701226 0.3188013423878565 -3.082525267794887 0.14162618012222206 2.5919185208301077  
140.00000000001765 0.0 -0.1632567273182538 0.3278540333396361 -3.1262551650984256 0.14128148078341946 2.493862923657116  
150.00000000000855 0.0 -0.1607243648233675 0.32637691342315517 -3.0776168983530443 0.1415996249766271 2.448915995129895  
159.99999999999946 0.0 0.05993242505337815 0.33479392871480146 -3.0652503217003284 0.14092051576347767 2.6494683022754275  
169.99999999999037 0.0 -0.009194329091821274 0.33360597691856053 -3.069234756338156 0.14122118130399242 2.585213269023782  
179.99999999998127 0.0 -0.16025243211119955 0.32307541799116307 -3.064307162764257 0.14119764005689184 2.4397816726050032  
189.99999999997218 0.0 0.12590208359304145 0.33730295635336444 -3.06185034081154 0.14114390888930084 2.7093055591619164  
199.99999999996308 0.0 0.12061567240398352 0.3314073972140274 -3.0406853758711008 0.14106392798583914 2.688829723075217  
209.99999999995399 0.0 0.01568233307102118 0.336021112603942 -3.061636848092663 0.1413503197922157 2.5999477487675264  
219.9999999999449 0.0 0.047674927158622316 0.3332586989683326 -3.066257362949045 0.14171232937768968 2.6389612617616454  
229.9999999999358 0.0 0.06428913361765798 0.33881892001346914 -3.0591407707492455 0.1413205643671085 2.6432904199863256  
239.9999999999267 0.0 -0.15700710921817762 0.3240795236456195 -3.0785609061805266 0.141022958648498 2.4564513146682314  
249.9999999999176 0.0 0.026041056115558736 0.32704608001332064 -3.0555109239192895 0.1415147457666934 2.6129911542548343  
259.99999999990854 0.0 -0.18540545532752195 0.33287595241599993 -3.0981563068962945 0.14133913295873224 2.43853576619404  
269.99999999989944 0.0 -0.17491566962980254 0.3289304045910589 -3.089470936423378 0.14122501824621503 2.444399843956301  
279.99999999989035 0.0 0.22119797725597812 0.3437930734342494 -3.038003157740294 0.14112310806913078 2.7742849534928915  
289.99999999988125 0.0 0.01735900051178363 0.33916907160878573 -3.0690770853316525 0.14135747236946056 2.6059095418651896  
299.99999999987216 0.0 0.004932918947121112 0.3373278238299793 -3.0554544577550597 0.1411577652363712 2.58190178763583  
309.99999999986306 0.0 0.1301807449112834 0.32661525027319005 -3.045081563396406 0.14102453527137637 2.7076225227631228  
319.99999999985397 0.0 0.21540435304774463 0.346790714369427 -3.046396899136365 0.14087953550496718 2.774131002309715  
329.9999999998449 0.0 0.005299239620735974 0.32337830479001795 -3.058527336606774 0.140958639175146 2.5994896322623458  
339.9999999998358 0.0 -0.03774634304540758 0.33107538198469655 -3.08524026304515 0.14177888413286008 2.5746396538821856  
349.9999999998267 0.0 -0.025126960680770916 0.3405795477200536 -3.0902358281262754 0.141448699455258 2.583080620270193  
359.9999999998176 0.0 0.15780366026394077 0.3393649307725994 -3.0677745587118155 0.1412753305443635 2.744937957658794  
369.9999999998085 0.0 0.093338492693263 0.34260471293344574 -3.0649967444526593 0.14144860228887798 2.6742819219235985  
379.9999999997994 0.0 -0.08671220965347703 0.3377042934021673 -3.0974256127404005 0.14152476537279185 2.5314843443119646  
389.9999999997903 0.0 -0.11675933545503792 0.31663150607625845 -3.0869794558854164 0.14103918558581632 2.5125494287683043  
399.9999999997812 0.0 0.1256553687749199 0.3339041646993584 -3.0463064627762284 0.14075918384689082 2.6972984830048987  
409.9999999997721 0.0 0.16873881607672414 0.3354702770147233 -3.049637440969705 0.14088957556653367 2.742016404465172  
419.999999999763 0.0 -0.1287428624836946 0.32289378743806846 -3.0753672924333757 0.14147157659281126 2.4822590659188015  
429.9999999997539 0.0 -0.0426412444330867 0.3477073547951214 -3.0679949427492077 0.14129866083586867 2.5363476826851308  
439.99999999974483 0.0 -0.1956356871342373 0.33794675701924154 -3.1055450687968795 0.14139859067112567 2.4305640339722747  
449.99999999973573 0.0 -0.04008048998301761 0.3287439138939646 -3.0600509495467487 0.14139401001039734 2.5498325356593687  
459.99999999972664 0.0 0.07994565509971652 0.3334434450455607 -3.0423335341042184 0.14132385389982785 2.6475118902585466  
469.99999999971755 0.0 0.15676478279359274 0.3341246107005199 -3.0574479175298146 0.1407274203075018 2.7393606693153854  
479.99999999970845 0.0 -0.02218257558817549 0.3300976814015882 -3.071466836086995 0.14071317268143757 2.5784734064157933  
489.99999999969936 0.0 0.12723886148707841 0.33415789543613467 -3.039462247967937 0.14106567776442153 2.6914775362544594  
499.99999999969026 0.0 0.08441245864031888 0.333038541040357 -3.060877286494778 0.1406692074188877 2.6715819966758527  
509.99999999968117 0.0 0.01886773840963163 0.3401043944002843 -3.090483743067975 0.14097432065455068 2.6282727664227714  
519.9999999996721 0.0 -0.09903235790936094 0.3317044985851941 -3.0831976118860887 0.1413121409108323 2.511148614480701  
529.999999999663 0.0 -0.059463128829560286 0.34422616332845063 -3.090693147808454 0.14137052222426466 2.5456333334261787  
539.9999999996539 0.0 -0.11718103408737801 0.34127870807321337 -3.0772041248010793 0.14121418079450213 2.4775302018459855  
549.9999999996448 0.0 -0.3039018288237709 0.32282336016216606 -3.0991827736387916 0.14122840492813943 2.331229179724715  
559.9999999996357 0.0 -0.14289366503399648 0.3205881790040177 -3.0988591130815206 0.14136106397611442 2.4940162050673917  
569.9999999996267 0.0 -0.2103676220378562 0.31739363616104416 -3.0856087601842823 0.14100373036026528 2.4168437716251168  
579.9999999996176 0.0 0.08769559737791621 0.33975138335940164 -3.0563995016051573 0.14103862314517335 2.663305092478499  
589.9999999996085 0.0 -0.11152680732149345 0.32620701458538764 -3.085027255063086 0.14124632227141018 2.5060471108847944  
599.9999999995994 0.0 0.03986470066379877 0.3322672941758531 -3.0588925323015244 0.14145164270404664 2.6250382960854237  
609.9999999995903 0.0 -0.10868542406387127 0.3257116896685088 -3.084604459360011 0.1411285552069364 2.5090787904206953  
619.9999999995812 0.0 -0.1088386404212146 0.31119381569851007 -3.080692121018292 0.14111624772597148 2.519543417172596  
629.9999999995721 0.0 -0.06459220215093553 0.3204180878962585 -3.0867453423905356 0.14127535921291504 2.5604596931304267  
639.999999999563 0.0 -0.06792712445319304 0.32693530418225714 -3.0908192021733307 0.14194258384794237 2.5540141896899375  
649.9999999995539 0.0 0.010434155509234655 0.32256032663882567 -3.055995132381611 0.14165826086870156 2.602210700383319  
659.9999999995448 0.0 -0.001139214187248161 0.3230810612678472 -3.0655469109892706 0.14128171299349918 2.600044922540676  
669.9999999995357 0.0 -0.020789718959664416 0.33998681704559147 -3.081952105384781 0.14136093224286017 2.579814637136665  
679.9999999995266 0.0 0.008554978015812398 0.3212690535820708 -3.070856171425646 0.1409121101746358 2.617229985684752  
689.9999999995175 0.0 0.1330357301008961 0.33534386025314233 -3.0697288966134666 0.14051308777882018 2.7269076786824002  
699.9999999995084 0.0 -0.03056053517359303 0.33644026806062444 -3.073055271307268 0.14101655588775375 2.5650379121852964  
709.9999999994993 0.0 -0.15044742494208463 0.32680591471087755 -3.0937199660492696 0.14089481668535087 2.4755718097109565  
719.9999999994902 0.0 0.06402731596681344 0.3440137813993241 -3.058187418378174 0.14100984245809972 2.6371911104875636  
729.9999999994811 0.0 0.0958861055847815 0.3216277142093547 -3.069167236758824 0.14089974082843568 2.702525887305815  
739.999999999472 0.0 0.1695925510152363 0.3351805902652527 -3.062923216318588 0.14174345354993212 2.7555917235186396  
749.999999999463 0.0 -0.04207824777793501 0.3380884729556888 -3.0908281587921316 0.14104111756755505 2.5696203204909525  
759.9999999994538 0.0 -0.05871258815016678 0.3354973098686231 -3.087945508309838 0.14122089831807885 2.5525147119729703  
769.9999999994448 0.0 0.04596892850669665 0.3162650074204506 -3.0660967191523048 0.14211441127207552 2.6536862289664747  
779.9999999994357 0.0 -0.033839791285405374 0.3283588219320903 -3.079946063267843 0.14141550533867717 2.57633194471167  
789.9999999994266 0.0 0.23494657379452055 0.32645097188583366 -3.0569767634258187 0.14096070629116925 2.8245116590433366  
799.9999999994175 0.0 0.06018637122594517 0.325638794636542 -3.069369390460404 0.1408036427606238 2.663113324289183  
809.9999999994084 0.0 -0.057838467007261585 0.33228484085638166 -3.051444711295393 0.14094872049391316 2.520372682937836  
819.9999999993993 0.0 -0.03501719127800351 0.33765702416028603 -3.0852860691167106 0.14164352427705162 2.5709683294013694  
829.9999999993902 0.0 -0.028172992864046398 0.32546379657831587 -3.061714139620269 0.14146455476780595 2.566612795410101  
839.9999999993811 0.0 0.1103228846299229 0.31072592087664325 -3.0501840858841223 0.14114686465336732 2.7086341849840347  
849.999999999372 0.0 0.11994299078174053 0.3276249009061551 -3.0726912509280324 0.1407230615185381 2.7242862792850793  
859.9999999993629 0.0 0.004154853738555397 0.32852954477037083 -3.0873157333302386 0.14120153624270732 2.621739506055716  
869.9999999993538 0.0 0.12522386236688832 0.32412721755945695 -3.061152367166822 0.1411502487171698 2.7210987632570838  
879.9999999993447 0.0 -0.059030567046550964 0.3358104435897806 -3.085149727204671 0.14137390220929402 2.548934814359045  
889.9999999993356 0.0 -0.06175388649771907 0.32805898442299847 -3.0873040919095263 0.14116567543993264 2.5563255455488765  
899.9999999993265 0.0 -0.024978744736496528 0.32719371220002397 -3.04035557643803 0.14116281038566236 2.5470203091158474  
909.9999999993174 0.0 0.037764594841154686 0.3355166461656345 -3.0822876650497566 0.14139175147761684 2.64314386224766  
919.9999999993083 0.0 0.1004437216151618 0.3270262169015514 -3.0596028523153103 0.14103109235788977 2.6919892646710313  
929.9999999992992 0.0 -0.0437164574627954 0.32609159829729456 -3.108288172535736 0.14128073268941355 2.597199384086232  
939.9999999992901 0.0 -0.0010278789231334962 0.3294285208847828 -3.071448485022155 0.14099384018925423 2.5999982450249846  
949.999999999281 0.0 0.001427779813554908 0.3249197323735429 -3.092252033279288 0.14093965001248226 2.6278204307068176  
959.999999999272 0.0 0.13500994743072325 0.3339131346105314 -3.0614244594170494 0.14123597313716676 2.7212852991000753  
969.9999999992629 0.0 -0.000709238201690221 0.3358956292433803 -3.0708222082528374 0.14122900911272762 2.592988331695039  
979.9999999992538 0.0 -0.07323893184868513 0.3330552666265645 -3.07671450611521 0.14138054227889224 2.5290397653610692  
989.9999999992447 0.0 0.12667272062651447 0.3188054678429032 -3.060725739141589 0.14131084043875475 2.7272821514864454  
999.9999999992356 0.0 -0.0271268555192834 0.33359875383136733 -3.06846590760776 0.14094583273929012 2.5667944655178188  
1009.9999999992265 0.0 0.08118927529134667 0.32765767747191865 -3.07409325426593 0.14128756988059465 2.6863372822047635  
1019.9999999992174 0.0 0.10864490533389048 0.32768855325366747 -3.06684056470132 0.14116541495929247 2.70663150182225  
1029.9999999992083 0.0 0.08851847846875793 0.33052886808316406 -3.0465496436041186 0.14105215840061108 2.663487095589101  
1039.9999999991992 0.0 0.09879125085703955 0.32517222578929317 -3.057694662674235 0.14120826236779285 2.6901054253741883  
1049.99999999919 0.0 0.02037178569847764 0.33218687198588953 -3.0556111285553738 0.14154178520690616 2.6022542570610563  
1059.999999999181 0.0 -0.21866376844928337 0.32327049631104343 -3.1064531548558776 0.1411081712454396 2.423410718850111  
1069.999999999172 0.0 0.20653538329843557 0.33315504750785496 -3.038915327502781 0.14146066825683953 2.7708349950365223  
1079.9999999991628 0.0 -0.03706988786615295 0.32819979295300195 -3.0771899149286064 0.14095951761874753 2.5709607164907036  
1089.9999999991537 0.0 -0.0052386545784781635 0.33184439135087246 -3.0772599441250397 0.14129269249831694 2.598884205697372  
1099.9999999991446 0.0 -0.039349487059532895 0.32981460290126563 -3.0768232639806326 0.141154069552185 2.5665051044676486  
1109.9999999991355 0.0 0.08562277522651829 0.32919439888722113 -3.062967903864273 0.14110052503064624 2.678295755172924  
1119.9999999991264 0.0 0.03605822895346389 0.3410032015120408 -3.0786889280383036 0.14100618733165016 2.6327377681480764  
1129.9999999991173 0.0 0.10994073165534612 0.3075569289323388 -3.047062464191332 0.14131849438213745 2.708127772532201  
1139.9999999991082 0.0 -0.09025906216334545 0.31093788359023167 -3.0545837624633743 0.14146720147004385 2.511919615239753  
1149.9999999990991 0.0 0.03145777075136946 0.3195842835971235 -3.067546609069699 0.1408617624592761 2.6385583337646685  
1159.99999999909 0.0 0.10445535204390755 0.3407432573451275 -3.058577786382369 0.14146522789596294 2.6808246531851863  
1169.999999999081 0.0 -0.16608288660718318 0.31976316354560597 -3.0922355286588505 0.14117834612249366 2.4652111323835673  
1179.9999999990719 0.0 0.10756370221829337 0.33081171603919995 -3.0597913262845555 0.14115939267132555 2.695383919792323  
1189.9999999990628 0.0 -0.11140667744776467 0.32717200952371234 -3.071267343387802 0.1417770025520339 2.490911653864291  
1199.9999999990537 0.0 -0.08743397080333815 0.32153176804112243 -3.0762507688305836 0.14139221359889173 2.525892816387231  
1209.9999999990446 0.0 0.28815486487390174 0.33140311757223684 -3.0493309686042163 0.14087293454060407 2.8652097813652775  
1219.9999999990355 0.0 0.1323515277018188 0.3282550453584965 -3.0525502888781424 0.1410382406772043 2.7156085305442605  
1229.9999999990264 0.0 0.07369763363683202 0.3438749121871939 -3.0510379530705305 0.1409793425111793 2.6398813320089896  
1239.9999999990173 0.0 -0.12466136170079822 0.3308672542731326 -3.092539113774014 0.14144854949594704 2.495561948304136  
1249.9999999990082 0.0 0.01686623148919597 0.34071743378433594 -3.0462369129943 0.14146497886716175 2.580920731831998  
1259.999999998999 0.0 -0.05304229755056489 0.31464019766262286 -3.0564350131237394 0.14077893620582504 2.5479735817047264  
1269.99999999899 0.0 0.061407943553983935 0.33261080322495 -3.0527100564468665 0.14134058730046514 2.6401666094754352  
1279.999999998981 0.0 0.004148117286737252 0.3253172414270045 -3.062554897981856 0.14138485360988667 2.600000920231702  
1289.9999999989718 0.0 -0.031855599554077574 0.33404904750255404 -3.074271270670538 0.14162818855858794 2.566738435055318  
1299.9999999989627 0.0 -0.12509625049509854 0.3443961468751462 -3.0801427336981084 0.1414382271122965 2.469212109215567  
1309.9999999989536 0.0 0.03893226581855014 0.33059952082340327 -3.0599308287769422 0.1417291297132394 2.6265344440588496  
1319.9999999989445 0.0 0.008398610156555852 0.327980115044795 -3.0577832799525693 0.1413968936666523 2.596804881397678  
1329.9999999989354 0.0 0.03197720223810374 0.33615926429129345 -3.072111290611114 0.14065931488564043 2.627269913672284  
1339.9999999989263 0.0 -0.09448392182459142 0.32943386443173467 -3.070904804166673 0.14155072589258322 2.505436292017764  
1349.9999999989172 0.0 0.07892071535798162 0.33383543264602183 -3.053414021913116 0.14160576305540604 2.6568935415696693  
1359.9999999989082 0.0 -0.02437852635326332 0.35094296939380887 -3.0610349821055545 0.14131135946211648 2.5444021268963657  
1369.999999998899 0.0 -0.06934609417811644 0.3432284499916552 -3.0932443016406377 0.14106152919576145 2.5396082282751045  
1379.99999999889 0.0 -0.11010772536677271 0.30966952885659677 -3.071764444835633 0.14129590582433396 2.5106912847879297  
1389.9999999988809 0.0 0.11360781957849186 0.3527591138698073 -3.0671976498032474 0.1409962635744488 2.6870500919374836  
1399.9999999988718 0.0 -0.0013880755849250415 0.3359355771243355 -3.0829429420052037 0.14178112825952252 2.6038381610364207  
1409.9999999988627 0.0 -0.06598069205854706 0.3445644749369158 -3.0728133204267425 0.14154862142215385 2.520719532009126  
1419.9999999988536 0.0 -0.043567926937132184 0.3343776104193688 -3.059248103203306 0.1410035019398409 2.5402990639069642  
1429.9999999988445 0.0 -0.012990674419705917 0.3173692703265038 -3.070070722374254 0.14110647968757328 2.5986042979404713  
1439.9999999988354 0.0 -0.14821543743667964 0.3400107948148382 -3.1080511033082945 0.14152236932862394 2.478302501728152  
1449.9999999988263 0.0 0.1302881915077414 0.32789016685086997 -3.063854290320926 0.14109420526656827 2.725158109711229  
1459.9999999988172 0.0 -0.11989063099897768 0.3284525810617484 -3.0910459648897426 0.14185954950902 2.5008432033199957  
1469.999999998808 0.0 0.013764769952669509 0.32263912249719817 -3.0775384047693315 0.141783094428664 2.626880957796139  
1479.999999998799 0.0 0.01765819800626023 0.3441301315414533 -3.0584333113807873 0.14141820588948287 2.5905431719561114  
1489.99999999879 0.0 -0.007077571239000546 0.3339483567673563 -3.0862843545093153 0.14144974533087165 2.6038086811720866  
1499.9999999987808 0.0 0.1906642981445421 0.3366882631842176 -3.0398396616964636 0.14108416055131473 2.7527315361054727  
1509.9999999987717 0.0 0.026901242606379716 0.325989319782698 -3.058034371834664 0.14177571930769806 2.617170575350648  
1519.9999999987626 0.0 -0.06686782967519367 0.3403341871326688 -3.0790583012862545 0.14149422644918871 2.530362058029203  
1529.9999999987535 0.0 0.0985962338588312 0.33646400511078106 -3.0529747683051243 0.14116049071987782 2.673946506333297  
1539.9999999987444 0.0 -0.06743975405685654 0.341145165197921 -3.0882187807926056 0.14101852494843167 2.5386153365893964  
1549.9999999987353 0.0 0.014889821564011863 0.33071632586257727 -3.0623166491514766 0.14121623394991387 2.605273910902997  
1559.9999999987263 0.0 0.11040042721326604 0.32264417305350684 -3.072372887538459 0.14170053723369821 2.7184286044645196  
1569.9999999987172 0.0 0.00046971848908383684 0.34213631196401617 -3.064709320751061 0.14123107676857644 2.581811650507552  
1579.999999998708 0.0 -0.050030115778699424 0.32722691641978957 -3.0786339973624934 0.14140022832636984 2.5599767368376347  
1589.999999998699 0.0 -0.1573354998426676 0.3358122548766147 -3.104803468891236 0.1410044353509148 2.4706512788210384  
1599.9999999986899 0.0 0.1497354897335006 0.33454546659657197 -3.057915814597943 0.1411967483670456 2.731909089367826  
1609.9999999986808 0.0 0.03383098675552276 0.33490110896001035 -3.051595462663328 0.14164116409665317 2.6088841763621873  
1619.9999999986717 0.0 -0.11795530391200104 0.32991793968473204 -3.066779864856869 0.1412826838255595 2.4776239374345765  
1629.9999999986626 0.0 -0.0062808641343166105 0.33929037915454996 -3.0721301108319667 0.14139030105364736 2.585168566489452  
1639.9999999986535 0.0 -0.28526541599338706 0.32130214676306407 -3.1144926463785114 0.1413883054684852 2.366536778153575  
1649.9999999986444 0.0 -0.10898059854048192 0.3158180191013995 -3.0843672382262595 0.14141567871363564 2.518152941870742  
1659.9999999986353 0.0 0.25533137280516427 0.32523455487107084 -3.044833059540663 0.14146519517534228 2.833464682299414  
1669.9999999986262 0.0 0.03690517080324118 0.34087744291549255 -3.0397581275457326 0.14168857019220776 2.594097285241274  
1679.999999998617 0.0 -0.07732125487580277 0.3294075293596949 -3.0724886191062772 0.14083397005191248 2.5249258648188673  
1689.999999998608 0.0 -0.06473940166200709 0.343845865744495 -3.07584619911613 0.14104255494169277 2.526218376767935  
1699.999999998599 0.0 -0.029517258822328363 0.32722967415612064 -3.0717251830850216 0.14119044824103635 2.573787801865537  
1709.9999999985898 0.0 -0.0440642093175464 0.3463824752727764 -3.088619302305703 0.14135806243337334 2.5568145552820067  
1719.9999999985807 0.0 0.05010719169555855 0.31925624864424124 -3.0596043312454353 0.14087906638144687 2.649576207915306  
1729.9999999985716 0.0 -0.22637993268251366 0.3236271103357325 -3.0812478705678403 0.14092533557675785 2.3903154919728364  
1739.9999999985625 0.0 0.04587609308880636 0.31898683198801164 -3.073373620417881 0.14126529413520603 2.6589975873834706  
1749.9999999985534 0.0 0.009667410880520366 0.34514586441815603 -3.061514077610633 0.140914315323905 2.5851213087490916  
1759.9999999985444 0.0 0.03702389272257911 0.33692377643121285 -3.0724500640590726 0.14147746927107946 2.6310727110793595  
1769.9999999985353 0.0 -0.040211875338479586 0.327005335536062 -3.075572876746427 0.1412849493641823 2.567070716507704  
1779.9999999985262 0.0 -0.016950263201533144 0.33774136901141627 -3.0728461188044323 0.14130681967625303 2.5768476669152296  
1789.999999998517 0.0 0.053984165632658176 0.3159672644355473 -3.0449889256328606 0.14131195212377407 2.6416938747061978  
1799.999999998508 0.0 -0.0660380284423594 0.34085778381931037 -3.0804836894026373 0.14145091839731144 2.5321369587436555  
1809.9999999984989 0.0 0.11076712736719263 0.33838937014420073 -3.066239926855617 0.14101571971863863 2.6976019643599702  
1819.9999999984898 0.0 0.1376085021205472 0.33421003461638293 -3.0519847471685435 0.14116248272204673 2.714220731950661  
1829.9999999984807 0.0 0.044880452706723806 0.34160443610826396 -3.073344229914725 0.14126398530171355 2.635356261211471  
1839.9999999984716 0.0 0.08875187632555326 0.3423508450181647 -3.045214107655446 0.14114594295759395 2.6504691960052407  
1849.9999999984625 0.0 0.08682939500227804 0.338250471293102 -3.0581484124329155 0.1408697989671916 2.6658575371749  
1859.9999999984534 0.0 0.05870251503820845 0.3395511470407416 -3.0718360174977755 0.14149204093903825 2.649495344556204  
1869.9999999984443 0.0 -0.0046701599953759 0.34349369368565635 -3.0824793792864034 0.14081153695358614 2.593503988651785  
1879.9999999984352 0.0 0.009088687621122471 0.3480896242696223 -3.0674881411845942 0.14024844597848896 2.5882387585576057  
1889.9999999984261 0.0 0.039792744489996035 0.3427665399642867 -3.0652144779687656 0.14125687057850908 2.6209838119159663  
1899.999999998417 0.0 -0.08544042424911913 0.33627905924752616 -3.0698260163654956 0.1415196937630931 2.5065868391057577  
1909.999999998408 0.0 -0.08822133062929571 0.33262540278559605 -3.078701662553179 0.14144467699548618 2.5164102521428013  
1919.9999999983988 0.0 0.053257339992427655 0.3158106825175327 -3.051918749634128 0.1403524197333616 2.649012987375662  
1929.9999999983897 0.0 -0.12560101721033956 0.32701905359208194 -3.0900572879483357 0.14153315382486942 2.4959040633210448  
1939.9999999983806 0.0 0.028873626835586252 0.3165258333041878 -3.084481322100938 0.14127655222895974 2.6555525634033765  
1949.9999999983715 0.0 -0.15402558163994406 0.3366594258665435 -3.0759026019066313 0.14165774822794736 2.443559846172197  
1959.9999999983625 0.0 0.009407686383254621 0.3249581173148509 -3.0767689478790032 0.14130662053670986 2.6199118964106973  
1969.9999999983534 0.0 -0.06400215544439247 0.3202508607120562 -3.0700095585234037 0.1409883348253665 2.544768207541588  
1979.9999999983443 0.0 0.005776841191827975 0.32486596228026643 -3.073923476579127 0.14121957497673504 2.613614780513953  
1989.9999999983352 0.0 -0.12627606571835892 0.3272253317818094 -3.08894761057938 0.1416108666923573 2.493835346386855  
