# Time boxx boxy boxz
0.0 15.0 15.0 15.0
9.999999999999831 15.0 15.0 15.0
20.000000000000327 15.0 15.0 15.0
30.00000000000189 15.0 15.0 15.0
40.00000000000061 15.0 15.0 15.0
49.99999999999862 15.0 15.0 15.0
59.99999999999663 15.0 15.0 15.0
69.9999999999989 15.0 15.0 15.0
80.00000000000402 15.0 15.0 15.0
90.00000000000914 15.0 15.0 15.0
100.00000000001425 15.0 15.0 15.0
110.00000000001937 15.0 15.0 15.0
120.00000000002449 15.0 15.0 15.0
130.00000000002674 15.0 15.0 15.0
140.00000000001765 15.0 15.0 15.0
150.00000000000855 15.0 15.0 15.0
159.99999999999946 15.0 15.0 15.0
169.99999999999037 15.0 15.0 15.0
179.99999999998127 15.0 15.0 15.0
189.99999999997218 15.0 15.0 15.0
199.99999999996308 15.0 15.0 15.0
209.99999999995399 15.0 15.0 15.0
219.9999999999449 15.0 15.0 15.0
229.9999999999358 15.0 15.0 15.0
239.9999999999267 15.0 15.0 15.0
249.9999999999176 15.0 15.0 15.0
259.99999999990854 15.0 15.0 15.0
269.99999999989944 15.0 15.0 15.0
279.99999999989035 15.0 15.0 15.0
289.99999999988125 15.0 15.0 15.0
299.99999999987216 15.0 15.0 15.0
309.99999999986306 15.0 15.0 15.0
319.99999999985397 15.0 15.0 15.0
329.9999999998449 15.0 15.0 15.0
339.9999999998358 15.0 15.0 15.0
349.9999999998267 15.0 15.0 15.0
359.9999999998176 15.0 15.0 15.0
369.9999999998085 15.0 15.0 15.0
379.9999999997994 15.0 15.0 15.0
389.9999999997903 15.0 15.0 15.0
399.9999999997812 15.0 15.0 15.0
409.9999999997721 15.0 15.0 15.0
419.999999999763 15.0 15.0 15.0
429.9999999997539 15.0 15.0 15.0
439.99999999974483 15.0 15.0 15.0
449.99999999973573 15.0 15.0 15.0
459.99999999972664 15.0 15.0 15.0
469.99999999971755 15.0 15.0 15.0
479.99999999970845 15.0 15.0 15.0
489.99999999969936 15.0 15.0 15.0
499.99999999969026 15.0 15.0 15.0
509.99999999968117 15.0 15.0 15.0
519.9999999996721 15.0 15.0 15.0
529.999999999663 15.0 15.0 15.0
539.9999999996539 15.0 15.0 15.0
549.9999999996448 15.0 15.0 15.0
559.9999999996357 15.0 15.0 15.0
569.9999999996267 15.0 15.0 15.0
579.9999999996176 15.0 15.0 15.0
589.9999999996085 15.0 15.0 15.0
599.9999999995994 15.0 15.0 15.0
609.9999999995903 15.0 15.0 15.0
619.9999999995812 15.0 15.0 15.0
629.9999999995721 15.0 15.0 15.0
639.999999999563 15.0 15.0 15.0
649.9999999995539 15.0 15.0 15.0
659.9999999995448 15.0 15.0 15.0
669.9999999995357 15.0 15.0 15.0
679.9999999995266 15.0 15.0 15.0
689.9999999995175 15.0 15.0 15.0
699.9999999995084 15.0 15.0 15.0
709.9999999994993 15.0 15.0 15.0
719.9999999994902 15.0 15.0 15.0
729.9999999994811 15.0 15.0 15.0
739.999999999472 15.0 15.0 15.0
749.999999999463 15.0 15.0 15.0
759.9999999994538 15.0 15.0 15.0
769.9999999994448 15.0 15.0 15.0
779.9999999994357 15.0 15.0 15.0
789.9999999994266 15.0 15.0 15.0
799.9999999994175 15.0 15.0 15.0
809.9999999994084 15.0 15.0 15.0
819.9999999993993 15.0 15.0 15.0
829.9999999993902 15.0 15.0 15.0
839.9999999993811 15.0 15.0 15.0
849.999999999372 15.0 15.0 15.0
859.9999999993629 15.0 15.0 15.0
869.9999999993538 15.0 15.0 15.0
879.9999999993447 15.0 15.0 15.0
889.9999999993356 15.0 15.0 15.0
899.9999999993265 15.0 15.0 15.0
909.9999999993174 15.0 15.0 15.0
919.9999999993083 15.0 15.0 15.0
929.9999999992992 15.0 15.0 15.0
939.9999999992901 15.0 15.0 15.0
949.999999999281 15.0 15.0 15.0
959.999999999272 15.0 15.0 15.0
969.9999999992629 15.0 15.0 15.0
979.9999999992538 15.0 15.0 15.0
989.9999999992447 15.0 15.0 15.0
999.9999999992356 15.0 15.0 15.0
1009.9999999992265 15.0 15.0 15.0
1019.9999999992174 15.0 15.0 15.0
1029.9999999992083 15.0 15.0 15.0
1039.9999999991992 15.0 15.0 15.0
1049.99999999919 15.0 15.0 15.0
1059.999999999181 15.0 15.0 15.0
1069.999999999172 15.0 15.0 15.0
1079.9999999991628 15.0 15.0 15.0
1089.9999999991537 15.0 15.0 15.0
1099.9999999991446 15.0 15.0 15.0
1109.9999999991355 15.0 15.0 15.0
1119.9999999991264 15.0 15.0 15.0
1129.9999999991173 15.0 15.0 15.0
1139.9999999991082 15.0 15.0 15.0
1149.9999999990991 15.0 15.0 15.0
1159.99999999909 15.0 15.0 15.0
1169.999999999081 15.0 15.0 15.0
1179.9999999990719 15.0 15.0 15.0
1189.9999999990628 15.0 15.0 15.0
1199.9999999990537 15.0 15.0 15.0
1209.9999999990446 15.0 15.0 15.0
1219.9999999990355 15.0 15.0 15.0
1229.9999999990264 15.0 15.0 15.0
1239.9999999990173 15.0 15.0 15.0
1249.9999999990082 15.0 15.0 15.0
1259.999999998999 15.0 15.0 15.0
1269.99999999899 15.0 15.0 15.0
1279.999999998981 15.0 15.0 15.0
1289.9999999989718 15.0 15.0 15.0
1299.9999999989627 15.0 15.0 15.0
1309.9999999989536 15.0 15.0 15.0
1319.9999999989445 15.0 15.0 15.0
1329.9999999989354 15.0 15.0 15.0
1339.9999999989263 15.0 15.0 15.0
1349.9999999989172 15.0 15.0 15.0
1359.9999999989082 15.0 15.0 15.0
1369.999999998899 15.0 15.0 15.0
1379.99999999889 15.0 15.0 15.0
1389.9999999988809 15.0 15.0 15.0
1399.9999999988718 15.0 15.0 15.0
1409.9999999988627 15.0 15.0 15.0
1419.9999999988536 15.0 15.0 15.0
1429.9999999988445 15.0 15.0 15.0
1439.9999999988354 15.0 15.0 15.0
1449.9999999988263 15.0 15.0 15.0
1459.9999999988172 15.0 15.0 15.0
1469.999999998808 15.0 15.0 15.0
1479.999999998799 15.0 15.0 15.0
1489.99999999879 15.0 15.0 15.0
1499.9999999987808 15.0 15.0 15.0
1509.9999999987717 15.0 15.0 15.0
1519.9999999987626 15.0 15.0 15.0
1529.9999999987535 15.0 15.0 15.0
1539.9999999987444 15.0 15.0 15.0
1549.9999999987353 15.0 15.0 15.0
1559.9999999987263 15.0 15.0 15.0
1569.9999999987172 15.0 15.0 15.0
1579.999999998708 15.0 15.0 15.0
1589.999999998699 15.0 15.0 15.0
1599.9999999986899 15.0 15.0 15.0
1609.9999999986808 15.0 15.0 15.0
1619.9999999986717 15.0 15.0 15.0
1629.9999999986626 15.0 15.0 15.0
1639.9999999986535 15.0 15.0 15.0
1649.9999999986444 15.0 15.0 15.0
1659.9999999986353 15.0 15.0 15.0
1669.9999999986262 15.0 15.0 15.0
1679.999999998617 15.0 15.0 15.0
1689.999999998608 15.0 15.0 15.0
1699.999999998599 15.0 15.0 15.0
1709.9999999985898 15.0 15.0 15.0
1719.9999999985807 15.0 15.0 15.0
1729.9999999985716 15.0 15.0 15.0
1739.9999999985625 15.0 15.0 15.0
1749.9999999985534 15.0 15.0 15.0
1759.9999999985444 15.0 15.0 15.0
1769.9999999985353 15.0 15.0 15.0
1779.9999999985262 15.0 15.0 15.0
1789.999999998517 15.0 15.0 15.0
1799.999999998508 15.0 15.0 15.0
1809.9999999984989 15.0 15.0 15.0
1819.9999999984898 15.0 15.0 15.0
1829.9999999984807 15.0 15.0 15.0
1839.9999999984716 15.0 15.0 15.0
1849.9999999984625 15.0 15.0 15.0
1859.9999999984534 15.0 15.0 15.0
1869.9999999984443 15.0 15.0 15.0
1879.9999999984352 15.0 15.0 15.0
1889.9999999984261 15.0 15.0 15.0
1899.999999998417 15.0 15.0 15.0
1909.999999998408 15.0 15.0 15.0
1919.9999999983988 15.0 15.0 15.0
1929.9999999983897 15.0 15.0 15.0
1939.9999999983806 15.0 15.0 15.0
1949.9999999983715 15.0 15.0 15.0
1959.9999999983625 15.0 15.0 15.0
1969.9999999983534 15.0 15.0 15.0
1979.9999999983443 15.0 15.0 15.0
1989.9999999983352 15.0 15.0 15.0
