# Components of the energy 
# Time total_en fene_en kinetic_en harmonic_en nonbonded_en 0 0 nonbonded 0 1 nonbonded 0 2 nonbonded 1 1 nonbonded 1 2 nonbonded 2 2 nonbonded
0.0 11598.206981869816 14007.905383011435 2823.5751946219048 665.1544133417934 -5962.385597943051 64.742979805983 2.006191135188532 46.55672474880487 2.781010744397017 -118.02482124043222 -5960.447683136992
9.999999999999831 11026.46598704738 11822.216548178032 3296.4587458962947 869.3613228759209 -5032.844907082367 40.50957281007069 6.191871417129619 755.9489545828008 4.367398640205964 -128.23766805592237 -5711.625036476652
20.000000000000327 11004.278488293538 11849.418088164153 3388.7057041631974 859.6868223797889 -5162.240496190088 50.562959031488745 5.176551085026357 696.0565308751416 5.110460715322235 -114.91767324348315 -5804.229324653584
30.00000000000189 11245.72255027475 11793.493837694461 3451.718069687622 890.1113993633038 -4955.432003537766 36.39417205603192 6.444950791900013 704.2490656086206 7.981028136751971 -110.12934229166598 -5600.371877839404
40.00000000000061 11211.219714774323 11837.311345380796 3392.90261681064 878.5977485939902 -4963.343137066794 33.342715352274546 4.024444010066736 728.9934320617023 2.1550799369662896 -102.47582925261705 -5629.382979175187
49.99999999999862 11120.230737994165 11850.821253550648 3275.0792028234414 875.0114827435813 -4946.643894500884 49.17168346600079 2.739035122513288 696.554859956634 8.357255775714792 -92.53365925577846 -5610.933069565968
59.99999999999663 11352.732035483608 11866.897901482644 3381.198102873105 882.7104709712202 -4843.1267071398015 30.353176947774045 1.5397341860675455 737.231248480288 1.2369854235211877 -116.30963937515615 -5497.178212802296
69.9999999999989 11281.623392956648 11861.518442870869 3341.347530957383 877.4444479123441 -4863.664086429365 41.948309205550665 4.750709114131585 747.5746293262688 2.4635294249649706 -127.99522991074407 -5532.4060335895365
80.00000000000402 11293.692537450283 11784.470995697518 3381.9296075091843 877.0309710790688 -4818.149204737358 29.05504840300132 7.3611827832326835 785.0294311547113 5.2032077149554885 -120.20664336639142 -5524.591431426867
90.00000000000914 11212.636560011928 11779.810798317518 3380.02850870817 878.2416052354166 -4893.594073993703 52.30344250256264 3.2711827884426494 773.5944121399788 1.3854779499523726 -108.80625434149005 -5615.3423350331495
100.00000000001425 11234.917610507531 11814.160958857048 3341.950237229943 880.6305817388578 -4869.175109860522 47.238903606602896 5.584496105168289 755.8032040143295 7.920018559377764 -104.41476615317751 -5581.306965992823
110.00000000001937 11332.597365166039 11934.458058967448 3408.6112633347234 876.8906565126913 -4950.429905686194 63.0576421316488 1.6182206092781757 707.2940699082094 3.8767528132485567 -102.20379050701082 -5624.0728006415675
120.00000000002449 11281.032345840682 11894.240103805034 3298.213475866991 886.9201223914775 -4866.878718126894 39.80957292774612 9.08829198179355 700.466499337734 4.21729456464011 -82.71177682150785 -5537.748600117299
130.00000000002674 11292.857664552685 11864.833111544327 3396.7282094975744 867.7593354727672 -4899.8089169173 40.28789292287253 3.842749955291331 761.3887738825041 -0.6744066845477708 -107.86232070351909 -5596.791606289901
140.00000000001765 11227.162348699756 11992.392009723746 3301.893488466533 877.5689715440755 -5009.66348039968 33.20380669536 4.485987976362929 728.2689441092106 1.632106032587064 -107.07029898312999 -5670.184026230071
150.00000000000855 11149.864511641117 11851.046783807533 3281.109562000013 869.6374788763532 -4914.535084069257 41.3889840191679 6.756453580030139 743.8043838762345 -1.9824060734329534 -114.44575150095028 -5590.056747970307
159.99999999999946 11396.197064378815 11812.077824729446 3427.2306859668142 886.7565734656702 -4792.76166948504 43.16308784805291 3.616817746600264 785.8960401364054 -0.1853600724850013 -125.62430461816368 -5499.627950525451
169.99999999999037 11331.492478345634 11828.97999771153 3446.2926985121803 881.392307603089 -4888.901123591902 28.261129402307997 2.7526168066771755 746.0391710893095 1.8550972061992512 -105.44716331152358 -5562.3619747848725
179.99999999998127 11048.789289947572 11815.411627356812 3312.1031268910547 878.4888971179618 -5026.343365043578 47.87541225277405 6.748887133045616 732.9158287760141 5.970530678986288 -118.99872124470829 -5700.855302639689
189.99999999997218 11312.675551766559 11800.875529991285 3352.728009011467 883.56280385365 -4787.918939387998 49.53021625886673 1.6831368037350933 808.8263789129976 0.8828323267331042 -107.23972274672546 -5541.601780943605
199.99999999996308 11195.17649960578 11744.379394909969 3423.232785982887 883.981850408493 -4923.212918719837 44.593043475230324 5.576660723907844 744.9726872944816 0.6891621565178792 -109.5465175147191 -5609.497954855256
209.99999999995399 11215.732481345096 11803.137959763108 3519.9356859387776 873.9894972733697 -5042.941893705863 46.04079339532341 1.7674602017504297 773.1328557187094 -0.48654401923283874 -112.44886354588338 -5750.94759545653
219.9999999999449 11037.768340700815 11818.894961310149 3335.5322530606677 867.7428245427901 -5047.704245305832 47.324480420026624 3.1072379067688605 752.263547681631 0.9495148652730983 -111.7849216102632 -5739.564104569268
229.9999999999358 11259.885915932442 11798.573053070564 3451.830830147167 876.6979654330041 -4931.1824020473 52.86874612474676 1.6866773538649866 771.7002823412299 3.0764353007914007 -129.19364088210057 -5631.320902285832
239.9999999999267 11267.846846511731 11857.339770629125 3416.8014701016778 877.1674169598455 -4959.31237358312 46.693518478131566 13.258974365823624 724.0469303797269 3.17267331562909 -120.15698456500131 -5626.327485557429
249.9999999999176 11295.57446616888 11786.740201893717 3480.692459261905 874.9784498805341 -4908.73238112561 42.793251518817456 2.1970951896743127 767.8178618898198 -0.6189077881288232 -82.75129037780044 -5638.170391557992
259.99999999990854 11326.895588259344 11914.716056046704 3388.0127858713486 866.5983523711493 -4919.2221254416745 41.947357803447154 2.3849849940265773 722.5399782587207 1.9306251666438792 -108.98318781139498 -5579.041883853118
269.99999999989944 11253.642467217984 11891.81306618526 3305.0902786325296 881.2560374460063 -4887.632199366415 53.718180178035695 4.4857972644386965 705.8327929577337 1.3195409075028302 -106.91193145606303 -5546.076579218063
279.99999999989035 11431.233139754837 11730.960038258663 3487.1863673731273 885.7640595970495 -4741.472247591361 42.40328008774465 5.727945457793083 821.0485706182468 2.616946801414116 -112.18078678675701 -5501.088203769803
289.99999999988125 11218.605627530846 11828.909140032953 3359.3756300279783 878.873476147735 -4914.035793893745 42.692220000886586 4.719349407927061 739.0463952331697 1.6457927672504693 -112.38600272498124 -5589.753548577997
299.99999999987216 11219.880384736185 11788.101721700838 3429.833934567709 880.62381696891 -4948.302089945877 33.550807833734865 6.361267321927194 748.2464337470234 3.100573749921987 -115.814579139991 -5623.746593458493
309.99999999986306 11197.364761404424 11756.751356408424 3333.1374695431923 883.2010820146248 -4844.314020173384 29.69276381560643 8.683979676421545 801.7762197259876 1.390251012144037 -113.03323552111334 -5572.823998882431
319.99999999985397 11278.80504820128 11757.377911846537 3387.089891601192 886.8615863001488 -4819.886781838569 45.55446499392585 8.93276787423115 763.2461449851576 3.0504856982047794 -93.04812958855506 -5547.622515801533
329.9999999998449 11082.30426452952 11798.648872087952 3264.6828722200808 885.0255380616035 -4931.324891783602 43.45793725504548 6.356790622829168 746.416335889379 2.397727891653039 -102.760495752732 -5627.193187689776
339.9999999998358 11090.839779488222 11873.810742506459 3355.2019062410254 864.739293754837 -5065.140284726445 46.15450202686798 3.6037994708237955 713.4312176059926 3.0227630902089393 -103.29361396885247 -5728.058952951486
349.9999999998267 11270.083861425192 11889.885809579517 3473.8750705338025 873.655613665101 -5033.151762804556 42.36479841050839 5.764023070002423 665.3243396927329 1.1908324940496384 -110.27496253703549 -5637.520793934814
359.9999999998176 11244.152023417335 11824.435484775222 3377.122304832455 876.5348706383884 -4902.854452971451 63.05064883137628 2.7209563518429842 759.8782150505491 2.84063350531615 -101.49318534500097 -5629.851721365534
369.9999999998085 11255.704746634052 11813.786516202741 3424.1514218659513 873.0957905883387 -4919.985922743743 37.20287055351418 2.5190676372188108 762.8189565147779 0.3463609978447444 -118.88717516782404 -5603.986003279274
379.9999999997994 11367.601072183581 11913.035053936233 3404.5170188322713 869.0324789123947 -4885.803013020759 46.001840280701174 3.483318812905261 692.4630619197136 12.290225243498998 -110.22396067207289 -5529.817498605505
389.9999999997903 11052.407385970633 11879.94930869125 3209.968153246017 882.9454201872167 -4981.449881242846 38.938743166761185 0.7999763333228196 724.9749992624372 -0.18935090093778717 -106.93902600228526 -5639.035223102143
399.9999999997812 11147.080023905783 11760.238338088591 3313.3514770337633 895.8174862374942 -4887.305265197523 46.79287713197216 2.2251003649025383 781.6646605423482 1.676554819204111 -118.49461835856502 -5601.169839697385
409.9999999997721 11216.064885563286 11768.210556182481 3362.4210950739534 886.2336573399294 -4868.729481028422 35.245265447291416 7.775522145293792 800.2948342248279 5.1093074139857615 -100.35723876671022 -5616.797171493111
419.999999999763 11212.690053187289 11845.274818204469 3351.112736055251 874.6705472987047 -4921.61535428892 32.35048810426947 5.051583897175863 726.9480295630625 -0.6502304738503293 -102.46142843272723 -5582.85379694685
429.9999999997539 11211.848220525662 11826.18208518336 3416.8134404849534 880.721952900806 -4978.117056531541 26.90651345529372 2.101940780506524 750.748704455022 3.5391290450546853 -114.01314136508866 -5647.400202902329
439.99999999974483 11302.646242336661 11934.403246767923 3422.917073413792 874.291082474746 -4994.584666627415 38.66109732703686 4.7974006178514506 742.9207098942692 1.0022501926757974 -123.03445173889766 -5658.93167292035
449.99999999973573 11279.29901384412 11801.529307636922 3354.360151777531 876.2272342997308 -4821.488155555182 52.526851112664794 2.612459539784565 720.6480510138246 6.095908947208082 -117.99239070453552 -5485.379035464129
459.99999999972664 11186.742434981717 11751.149028136135 3346.2450087189122 877.8913708626079 -4853.916315586986 45.48303951305495 1.3797313060864713 802.1972365401975 1.5150979126242232 -107.93015675953914 -5596.5612640994095
469.99999999971755 11306.16820575636 11792.448154175474 3380.347778867681 898.7833365616709 -4827.329358330752 56.203157573374575 2.1867043614652366 824.4589163001841 0.20223880554925966 -91.28243902804645 -5619.097936343279
479.99999999970845 11252.655605812979 11839.539014047084 3341.325162543926 894.5542443029448 -4888.906301601951 54.07148452514827 3.6082150346362627 715.1153251202805 4.054946563539872 -111.83104600316071 -5553.925226842395
489.99999999969936 11246.41111376473 11740.869212568496 3445.3848851646967 883.610057029688 -4888.647761720079 52.314867861417454 3.6186671022843107 755.8912381486465 0.1198649012674795 -123.3724742513259 -5577.219925482369
499.99999999969026 11202.649542733707 11800.255325644079 3323.040469191146 897.7900636396297 -4877.849663249374 39.362319558883115 2.4008953792636105 768.3187996841912 -0.20527503551318116 -123.84117144375173 -5563.885231392447
509.99999999968117 11252.969462395482 11891.601310853857 3374.716741732774 886.6968609819107 -4969.927002599675 35.640344988229856 7.570712064886391 730.2684436467305 4.52913548004565 -110.14237916465174 -5637.793259614916
519.9999999996721 11206.531330363845 11873.811584934769 3358.4465499930125 875.4513319989612 -4969.066940762064 36.89537961813444 4.414647495806538 704.6840393133139 5.898472781067428 -119.67488207353017 -5601.284597896856
529.999999999663 11277.194988957643 11891.21517161892 3392.0571208285687 874.7911773780918 -4947.442954990768 46.5051411223597 8.031915728405645 731.570272007629 0.08008371557623928 -128.81993558732438 -5604.810431977415
539.9999999996539 11314.575634674326 11852.53733083173 3464.226496292676 881.6085987768676 -4948.387306976347 34.883041753026376 5.499934941214285 711.5300537832223 -0.8424509048451281 -107.25716775211907 -5592.200718796846
549.9999999996448 11203.158741716557 11918.15008616463 3317.2354076617194 881.3603333023128 -4977.665865288238 41.33189399858615 5.668627344618647 704.4745562091136 0.11022724637715697 -95.1376409217462 -5634.113529165187
559.9999999996357 11189.729756460187 11914.386401232883 3331.0909829098873 877.0570538410724 -4994.568714093416 47.13664405183667 1.432934072084638 746.5347921965247 3.531410594347142 -111.06985716773764 -5682.134637840471
569.9999999996267 11293.325020160311 11874.496805120465 3342.248498662241 886.1250800898159 -4874.1982732337665 37.93424868327355 2.1018430975723135 745.666864842671 2.366772120357605 -105.25574450835022 -5557.0122574692905
579.9999999996176 11256.36419517235 11787.604017074695 3431.8984252720347 885.184795626356 -4919.346065474809 53.55773804603328 1.1689123689608396 795.8718934283501 4.909422188559941 -110.70866689737097 -5664.145364609341
589.9999999996085 11308.790185696605 11875.688884524368 3352.1696682773245 879.5151678121462 -4861.045715012124 37.88352286362916 2.1256990259095083 698.5920031772786 -0.9915421681749397 -111.28244447671793 -5487.372953434048
599.9999999995994 11248.00803891693 11796.951263362558 3403.5310491220116 874.8258007398456 -4897.0578202456045 45.01058418767836 8.510491804375697 733.9888937228474 -0.5823457323513717 -124.96891366187229 -5559.016530566282
609.9999999995903 11100.341089631998 11876.177816896361 3335.966628058257 881.2530009060474 -5057.329369156131 38.87185998527749 2.80740435354594 698.7606441527303 0.6420111114225497 -92.53206135559326 -5705.879227403514
619.9999999995812 11257.179598877676 11861.542701967102 3285.2663272729724 883.0705186560506 -4838.759531751069 44.927502538896555 3.4593910566287014 751.6692544935405 0.876969386383434 -105.86410875003068 -5533.828540476487
629.9999999995721 11236.881188971949 11880.5671549451 3371.4228498186308 883.3167100659819 -4963.243803262803 40.119657334036106 2.379046269481435 698.0764211275109 -0.28399859772150376 -109.35225642690786 -5594.182672969202
639.999999999563 11147.452664223814 11889.946957872678 3380.7394239275536 860.8394796638722 -5048.83767780987 46.99169060337334 2.953820933217883 742.6239351883393 1.8844631281217914 -99.6110820716505 -5743.680505591272
649.9999999995539 11003.431253581095 11790.420888024762 3282.925072959059 866.0477232052401 -5001.143462998978 36.78879340610819 2.5292117173886446 719.3037250118325 7.123559438642509 -125.7508040935433 -5641.137948479407
659.9999999995448 11092.11372048485 11815.260289439602 3260.279266074962 874.9554053070874 -4925.718216618428 43.767783121956484 6.025513728282355 771.0323194161329 3.8211582724544435 -114.25119957423452 -5636.1137915830195
669.9999999995357 11214.475204094355 11864.931957498407 3376.7916647001916 871.1000265786327 -4965.927189665186 43.73175022826565 6.607561137446873 750.2643238225356 0.9243121475622398 -102.54760461143896 -5664.907532389558
679.9999999995266 11233.888755161599 11828.6161555133 3309.8661311034502 889.1656885533922 -4856.431161074815 38.80966727497666 2.89257582446934 772.2553544587569 -1.914663238499905 -116.73238555469673 -5551.741709839821
689.9999999995175 11275.929880625361 11828.308964088505 3432.0984215922167 897.0644172362971 -4950.782536886527 56.66911341848793 8.787569057534396 757.6958725994504 3.111230939540776 -116.58251350718274 -5660.463809394358
699.9999999995084 11286.78904274867 11838.249278524741 3388.952282868546 883.7643256676834 -4890.365366864967 39.42282371635151 3.210665626622861 716.0370319426385 1.3773336117165762 -120.04741609304489 -5530.365805669251
709.9999999994993 11148.877388618106 11901.03906842151 3236.2212367188963 887.7259436242357 -4938.252110125055 37.21605518192959 2.9595112542629645 732.484224925997 -1.4313391273008023 -116.762512733053 -5592.71804962689
719.9999999994902 11332.709254114307 11792.033783357654 3451.8385044466504 889.0325595614213 -4870.947052181779 41.77200110367875 4.463367294179157 757.6178394807804 3.0707424392556493 -110.94497779144633 -5566.926024708227
729.9999999994811 11224.039293995906 11824.356579022273 3273.4839810062936 891.8618951789907 -4828.688129504777 52.376341747329256 1.321741418112616 809.5997277852831 1.7997081826772827 -124.08132442541782 -5569.704324212761
739.999999999472 11255.897543083323 11803.285448846518 3349.986286902889 864.7609791390361 -4831.905368504197 41.69415215902197 6.172983471956162 800.7992404612985 3.1782390909771427 -115.26017844000569 -5568.4898052474455
749.999999999463 11439.198917765421 11885.698986160703 3433.4342634965674 882.324051159512 -4828.875710029441 39.70213803725751 9.629344640527847 761.6719109714181 1.77329104627959 -108.7081863368061 -5532.944208388118
759.9999999994538 11332.360680051534 11881.664253922028 3401.233760851151 879.9511437990848 -4893.560532498854 57.87234885401248 1.2034683266991477 774.5401563373424 0.35487989464699377 -113.65771418923926 -5613.8736717223155
769.9999999994448 11181.616050818697 11818.77924360027 3247.603176278085 854.9426864192537 -4807.483990214649 40.77166443611897 6.865986911216876 721.3219398885172 5.320659413992673 -100.69299605290381 -5481.07124481159
779.9999999994357 11263.358830707579 11862.60532757546 3329.0043965499194 877.635659665214 -4869.692864610914 51.568889467872175 6.086363313336761 738.1989785246659 -1.0363361637984667 -111.46625256164643 -5553.044507191344
789.9999999994266 11350.00897889251 11788.263777237238 3338.3646739616693 889.5984675541748 -4727.702130822204 68.29274650156745 5.976837236629809 789.9965970492239 -0.7752566390593798 -111.63999845275968 -5479.553056517806
799.9999999994175 11317.178530310097 11823.52661908076 3316.0400682320337 892.1597066163374 -4782.800276374997 26.02417843816271 3.399339134112842 814.1403733294622 2.2350339908495207 -97.76898826146969 -5530.830213006115
809.9999999994084 11288.483110045592 11778.014794040779 3381.566262508379 888.1801001537813 -4823.766784007602 39.02154859140092 1.8291704902532102 755.5056747118158 3.3810166965325537 -74.74833595838902 -5548.755858539215
819.9999999993993 11271.924913539438 11877.353672828409 3379.553389419096 870.1073881356078 -4919.8474477505915 41.44110880665258 5.550891201054977 701.5448689238691 3.713386709875812 -106.74600746435942 -5565.351695927685
829.9999999993902 11101.526390551415 11806.26421223166 3354.994399372577 875.2176833411324 -4998.173532705032 39.14619477481803 2.0699516484921388 773.8951511239545 2.06821684409704 -106.17603340079836 -5709.177013695596
839.9999999993811 11121.248307517591 11768.819032152262 3229.656364825985 882.4817589450751 -4828.490847732004 36.58130083187729 3.3682668093207195 780.1579970900792 4.40747992393924 -87.66559728173172 -5565.340295105489
849.999999999372 11294.072380999849 11836.390024079621 3356.3445959112637 895.8310823527008 -4863.184714020021 40.975310201105 5.161485906565076 769.6542693503502 3.487970748060723 -120.11196726412507 -5562.351782961977
859.9999999993629 11323.345762924277 11878.78232049621 3366.8702046623935 879.0150138916074 -4869.282392676083 31.768124055391905 2.6712431155665444 759.118485230125 1.5191351085826557 -109.12814087324293 -5555.231239312506
869.9999999993538 11182.690705010287 11804.301788300336 3374.1999024487204 880.4701991053112 -4947.328548541405 44.71054346860183 6.886401589684702 737.9076517221465 3.142489234960193 -105.28978032520362 -5634.685854231595
879.9999999993447 11261.70390761298 11873.844347180022 3350.9196868345825 876.463541337173 -4904.368133450399 33.65555219078409 1.9640524890653976 744.7692350153959 0.7300216787776992 -110.83915349193069 -5574.647841332491
889.9999999993356 11370.663655549986 11874.273651876636 3359.0298484590844 880.687963038778 -4805.279663821069 35.52528298031754 1.722786348119133 788.2469235550926 -0.24999455446906182 -89.91843776841944 -5540.6062243817105
899.9999999993265 11134.556106775615 11746.300688259966 3313.216916649125 879.3867091603611 -4873.764736030346 39.66558362276672 3.29045100702061 778.8353004827869 3.3319339442358338 -111.18812558684502 -5587.699879500311
909.9999999993174 11212.826607120493 11864.244347514097 3380.682370605876 876.2155005365821 -4972.2828746622245 62.380960730839966 4.720929830458212 755.4474026182497 -1.2233030522570836 -107.32360685358768 -5686.285257935928
919.9999999993083 11322.233440204785 11797.857766918449 3402.489254657075 884.4915640429678 -4829.3184380958655 43.7437674229931 4.294797147653977 748.9974812454307 -0.3020974369047922 -121.14198043711359 -5504.910406037925
929.9999999992992 11215.57927686096 11941.011224454416 3308.1692455998327 877.7147294168943 -4974.3640874944285 51.212860639548566 4.35012643511758 717.0915377593025 1.9050580790815497 -108.22792526429663 -5640.695745143182
939.9999999992901 11166.235606886223 11835.770185513707 3304.908411850336 883.1957898951791 -4927.860146297226 61.58801248762614 7.278169464256811 714.6602070838678 4.405689763717036 -111.56709983014358 -5604.22512526655
949.999999999281 11306.05160433822 11895.318490190768 3334.829421577101 887.3382672057319 -4877.685067763381 43.890467477461456 2.67797080046101 739.9443206908816 -0.5783919707383456 -104.67713660975849 -5558.942298151688
959.999999999272 11220.918106423818 11805.477214057426 3368.0752423046183 881.5481221779166 -4899.438217787232 54.42556134159484 5.202922304840134 769.5572540962177 0.34181183404286486 -110.73398872237524 -5618.231778641552
969.9999999992629 11308.395026499384 11830.510096352138 3364.2079312064543 878.6008673943629 -4830.903966029883 42.19907276536512 2.9423509569431094 774.3859876063981 6.910497938776224 -123.49256525789308 -5533.849310039473
979.9999999992538 11247.693588602351 11849.811804175819 3354.1808138762017 878.907068509852 -4899.854784936444 34.795364004460936 3.859044585132428 777.6338454804029 0.12133346796886713 -122.84425909768011 -5593.420113376729
989.9999999992447 11252.27630921299 11798.707176174954 3272.7446029165394 880.7009816128923 -4762.03026540081 46.280180336927316 2.230428008895945 776.4202162098811 0.03716775559693686 -119.9512277815668 -5467.047029930544
999.9999999992356 11201.074031169866 11827.874632502997 3365.9111044611377 888.1689091904979 -4946.415035480235 36.83055962575061 4.439074075887746 747.070689806683 2.798273498430409 -110.37464662050304 -5627.178985866483
1009.9999999992265 11178.892427116465 11839.433681675257 3280.202952822056 878.7824124677073 -4881.956112226181 52.272409448263936 4.093144744552177 755.1536622138387 -0.5139506975248903 -105.6225763255404 -5587.338801609771
1019.9999999992174 11167.969095664765 11816.502506750321 3258.7548815440923 883.4047815193925 -4856.400904623672 54.024105442847464 8.288383746608208 775.3085143108815 1.2169205080135734 -119.76721804387184 -5575.471610588152
1029.9999999992083 11186.410803696534 11759.578366184141 3349.953067932062 886.5685857136999 -4872.552205599325 38.49084232702609 0.9629394706052112 802.6628459985322 0.24631218716405923 -100.785889361824 -5614.129256220829
1039.9999999991992 11205.98429995215 11791.063968230668 3311.1906173792177 881.4794728332332 -4843.626258911124 30.110940269996497 7.50721657449056 781.6347376791001 2.1863186924727476 -111.97786790619566 -5553.087604220988
1049.99999999919 11178.219503776936 11784.826217911628 3444.948629354509 871.1339114252758 -4991.586161949338 43.71046912566135 7.824482787590579 767.3150725507599 3.2716231791770656 -106.05180121328218 -5707.656008379245
1059.999999999181 11187.019816581023 11936.462136230957 3320.118647768082 882.6822457718396 -5017.54232984055 39.4415753394614 4.375276704515349 717.8022877854999 2.6335391963872654 -94.52488777317332 -5687.270121093241
1069.999999999172 11177.861451139508 11738.878833486215 3360.057075224104 873.9718768544554 -4860.916714557258 50.6093119923148 2.174746300071254 768.7584521023339 5.3164125227038115 -102.8679431670915 -5584.907694307591
1079.9999999991628 11333.863350126378 11852.01276213768 3353.8924806022974 885.0173867974852 -4823.046169412871 37.07623827545032 3.3407350452443527 764.3093606750542 6.92364025520445 -116.75646653744019 -5517.939677126384
1089.9999999991537 11287.076252026349 11852.464979545452 3359.088043702432 874.3450731551019 -4865.575638793018 54.250558550043976 2.384599285284681 747.590686196181 4.274685291575764 -104.32359607851213 -5569.752572037592
1099.9999999991446 11150.65578322575 11848.702691331697 3285.7572323476775 882.433261008102 -4934.4541002906735 39.910928924449536 7.547291100825188 746.2554067301239 4.07250082079462 -103.38085594913451 -5628.8593719177325
1109.9999999991355 11166.161151258711 11807.989532449505 3305.375092374725 881.7677669879942 -4898.049197393395 54.510904766314276 6.43779762851226 794.4531099363339 6.769190163465654 -116.15842193549081 -5644.06177795253
1119.9999999991264 11494.075196682228 11853.742321622405 3528.252103867841 883.9270858399325 -4841.388073848361 46.26275576875135 8.643720689238384 793.5013005438852 5.50735111543325 -115.50435084151748 -5579.798851124152
1129.9999999991173 11016.460392449339 11763.839737949043 3244.136107598085 877.9590605586588 -4938.052728673999 44.049517176108246 6.289841786286112 738.8919197321434 4.634773315295884 -116.66231029600581 -5615.256470387827
1139.9999999991082 11199.422345927549 11786.09067343648 3298.168683660172 876.0361951449037 -4826.104620803999 41.59294736137425 3.913650606221829 729.5817244396383 5.0436754486846676 -125.35686818797963 -5480.879750471938
1149.9999999990991 11388.47951067461 11820.278862512518 3308.4216980509054 888.0997463412949 -4695.095565062571 52.26481302697553 5.660082537473748 786.2754426380967 1.0826833238311384 -126.49115175862966 -5413.887434830318
1159.99999999909 11309.044845251348 11796.23557218703 3444.888406296412 874.3776020556795 -4871.793191836888 43.45051268434346 5.472024068406007 745.1398421891448 3.360444455919228 -121.09425287055468 -5548.121762364147
1169.999999999081 11232.071613666274 11895.91754616497 3296.136711251365 879.987963285801 -4901.67539796578 45.59376829500531 1.1559718621691712 716.3139123656856 3.5741443144654608 -118.25311932722727 -5550.060075475878
1179.9999999990719 11256.173997167556 11798.51617387312 3402.171582467271 880.3895908969657 -4895.247714790549 49.62285229487251 9.413014463301124 749.1264329232142 -0.17718597183798168 -103.3976741197748 -5599.835154380325
1189.9999999990628 11262.642854359023 11834.567327519526 3397.0249644761493 865.1878794094496 -4900.239357363055 41.89095845891864 3.3226265830775343 734.0789569581955 0.5267693345247266 -118.47738091756563 -5561.581287780206
1199.9999999990537 11178.637863008124 11849.645314175803 3272.330503897277 874.9874185799989 -4883.465864729289 44.28108043492525 2.1338613226295147 715.9560861593734 3.3402297752589507 -115.0309473597713 -5534.1461750617045
1209.9999999990446 11233.990560969136 11769.224471004969 3346.983373735897 889.0853006241898 -4835.609375730172 33.60008285604443 4.49896806443268 759.1783915030323 0.7871646776587955 -101.64795302709354 -5532.026029804247
1219.9999999990355 11302.672860644534 11775.487652219763 3278.161817429758 887.2383776291825 -4707.026002899169 45.96513104875958 3.3072963141888225 813.4074570119652 7.17212861459029 -124.08615672397542 -5452.791859164698
1229.9999999990264 11492.83290629489 11774.331938359072 3459.182646193336 884.2933586564659 -4693.868696834708 52.94185072513247 14.869338589389391 786.860524396949 1.3516263323930775 -114.27567055933686 -5435.616366319236
1239.9999999990173 11249.115004823036 11897.904153192341 3330.091741330248 870.6003663892603 -4916.429778023068 28.896867020556797 1.6495156648561036 713.0860784743278 4.61486159686137 -111.69967237379174 -5552.9774284058785
1249.9999999990082 11200.084093809295 11759.816526114046 3382.517700516472 872.434728538485 -4883.850673161498 39.954285981806166 2.7277954558105564 773.3743694543626 1.9009768213553575 -104.70588323477344 -5597.102217640059
1259.999999998999 11141.571111300966 11793.300034072592 3327.2346294673152 892.2700037549927 -4937.7726666949175 32.57230332233054 5.101709762210831 730.6650998008868 5.269334436858297 -89.18322887464282 -5622.197885142561
1269.99999999899 11072.798217495809 11774.536258526741 3337.4180387087504 876.0122857164719 -4977.1443119038395 54.113616615097044 2.496427598591241 783.8824895516138 0.8626943157959669 -115.99627353228004 -5702.503266452658
1279.999999998981 11046.90406537382 11812.978655232275 3324.684745896831 874.7648355658152 -5030.9359559867 44.8232346716545 2.353436039274768 671.7384049895842 -0.04570592104589177 -131.0706713423895 -5618.734654423778
1289.9999999989718 11109.048368332213 11841.982700891782 3365.0935041536472 868.5646209685809 -5033.551991693193 37.61334631054996 4.4745108849529975 751.4296041242435 5.130697321691628 -119.5208317051211 -5712.67931862951
1299.9999999989627 11232.587697834057 11861.31278746179 3467.9336737228987 876.3559480475143 -5036.73530763936 31.848384661833695 1.7279809247514 721.2308863030171 -0.21380511088780496 -119.09279976183892 -5672.235954656236
1309.9999999989536 11141.810693195097 11797.509923836698 3342.5713641416974 863.256327882713 -4925.314176729981 51.86554843925284 6.63442314751025 804.3009548501976 1.2209057154129224 -115.0702057137726 -5674.265803168582
1319.9999999989445 11175.41650355703 11794.434673875941 3291.0237167863716 876.5295895399836 -4858.130358655987 46.93552261357282 3.1996445961788433 734.4182706255491 2.523710018160756 -119.09717343888128 -5526.110333070567
1329.9999999989354 11382.275666667452 11835.696655398178 3401.563568105828 894.1408586621939 -4815.5584114479825 38.064643301448925 12.532758276039461 734.843136398861 3.048244267127101 -98.5695441838164 -5505.477649507642
1339.9999999989263 11301.796604623984 11831.086861318634 3387.3531292290913 872.5938252015311 -4855.4259834294735 42.16517129277392 3.6738037207467253 765.4586822751911 0.5916522782651683 -109.02863953714689 -5558.286653459303
1349.9999999989172 11094.97875276556 11782.096664943532 3349.9967957654603 870.8549841103177 -4973.962776117736 49.19734101327158 4.933508211061219 770.6590479236249 1.2864541552957593 -109.44033303342582 -5690.598794387563
1359.9999999989082 11488.987718550301 11806.06684057544 3474.5126730107645 880.9277883003875 -4739.196727848702 39.797419594736645 6.9293835144494285 718.641524023512 -0.14997176303768422 -105.25883989587031 -5399.156243322492
1369.999999998899 11285.592468070929 11898.168110004865 3420.8981544692033 884.9258828077317 -4983.3485607171115 43.341486854904176 2.5799132426799054 731.7491881400373 1.379794031293688 -111.75997387760742 -5650.638969108419
1379.99999999889 11145.145558958036 11835.234129954211 3281.6548994513078 875.1400907749107 -4907.623724154131 50.482138421123345 0.5554863739270157 726.8853826835826 3.3304179967222662 -108.06050939222843 -5580.816640237258
1389.9999999988809 11291.042419127993 11821.6023031489 3408.892462645817 884.1449130962409 -4894.26518152578 42.427848940826884 2.501645310968451 735.0311322317692 13.361700341380304 -118.31500969916432 -5569.27249865156
1399.9999999988718 11298.105375246292 11869.380915029697 3403.8121645454694 867.280690866443 -4909.840765668117 40.0914715909268 2.483984594236208 748.8606574750086 2.4070125739956083 -111.79243022307956 -5591.891461679204
1409.9999999988627 11299.152751178823 11840.40648578269 3412.8366283339587 871.120545750252 -4892.176617425467 51.944370062200996 6.281014040070499 726.8633495051973 0.24165047179761445 -104.53733980220169 -5572.969661702532
1419.9999999988536 11228.1581996925 11802.822845240542 3345.451534926144 887.0233886632254 -4876.731137963618 47.852201067453805 8.10208256060498 693.1182566281833 0.9117684074387462 -108.74961739496406 -5517.965829232335
1429.9999999988445 11089.0881727347 11832.633976058918 3273.823601071335 879.3918577626108 -4959.655034039082 48.485649854485 3.927395204192467 717.0177054515344 -4.142470091740343 -110.6979492985266 -5614.245365159027
1439.9999999988354 11250.721212272161 11944.088692402724 3456.9361146033048 871.208872129254 -5084.392314552712 47.30109534012248 2.5443087390410173 715.341832582993 -1.7738008894338009 -112.80966564792082 -5734.996084677514
1449.9999999988263 11228.316138866836 11810.537481595695 3331.048654573042 887.7079790732197 -4865.697691028072 45.487458204856516 1.8480210093492142 761.2818386280921 -1.0002326244607485 -105.11328714398958 -5568.201489101919
1459.9999999988172 11274.642905176544 11897.793138776384 3394.771555267283 860.150379148737 -4946.649555015443 57.21908299201539 6.22406814188288 670.2859692806175 -1.2517053825595164 -105.86576384340648 -5573.2612062039925
1469.999999998808 11116.155710293224 11849.596259873235 3304.2087491590987 865.2893703951025 -4966.994227073561 43.60359985748354 4.5706226470745195 724.285707727202 -3.4720597420122363 -94.62146862588817 -5641.360628937421
1479.999999998799 11253.734927414429 11794.058510971523 3478.253134241962 875.235511293479 -4957.483060182692 43.975822039777086 3.2677322020329695 758.5519894428127 -3.002853846872111 -109.94493054836944 -5650.330819472073
1489.99999999879 11262.367865956365 11880.413379764772 3414.045005387183 874.9008989910193 -4967.3020789862685 53.51132555118823 0.9159732866224903 747.8517106678114 0.25130957769693896 -123.84260188190092 -5645.989796187687
1499.9999999987808 11257.348658240902 11738.869746075045 3421.534168492517 882.222238139555 -4853.262377989502 49.08083233462808 1.8798006228157944 761.4908683766952 5.323458115152916 -118.1886101123646 -5552.848727326429
1509.9999999987717 11189.904648701722 11796.085327382727 3317.705161331069 864.448606808053 -4853.239518632983 39.504829319379304 2.3555478493431137 750.1424020020391 2.9718272982352474 -128.31953476790022 -5519.89459033408
1519.9999999987626 11268.313455720017 11858.842925994453 3383.968166352691 873.121282251993 -4911.813135804703 37.50144701924784 3.781060934641064 698.1159773118194 2.4604011162089146 -120.30940881152195 -5533.362613375099
1529.9999999987535 11073.044842721696 11780.220991931632 3346.42150819026 882.54468746337 -5003.362156142567 40.88432679599658 7.1037610216410325 763.6985468190414 2.40958713981023 -110.46432649463577 -5706.994051424421
1539.9999999987444 11284.177647905613 11885.777097862185 3411.189333584818 882.4173054106692 -4958.89671705175 48.151794600742974 4.373157819994221 720.3660670174585 1.3036454647863174 -105.76096557336297 -5627.330416381369
1549.9999999987353 11119.570381335867 11805.136813517236 3310.3114474331333 880.829709886936 -4946.623112768755 35.30001524709408 3.7972427974440635 750.0138710065697 4.133935248051581 -119.01554991244132 -5620.852627155473
1559.9999999987263 11018.6605145969 11834.69831553216 3285.258790192248 863.9799927287634 -5036.59345020793 54.34587004487864 8.747482589784054 751.6197956944402 6.051586478823353 -121.61371066892822 -5735.744474346928
1569.9999999987172 11300.79524358705 11816.831138951404 3473.3411682832166 883.3504483136538 -4936.212108663616 34.864448707733345 2.5016578574597337 725.577757461601 1.5029341215127139 -115.7770837753458 -5584.881823036577
1579.999999998708 11192.557648561147 11849.212322219797 3273.6380078088423 877.3103097207193 -4871.840070067303 33.50951346344042 2.755047444140883 798.738528560181 4.050286406638561 -127.58169255215242 -5583.311753389551
1589.999999998699 11244.414318449315 11932.596414047779 3339.9623944055634 883.3482165491168 -4976.610925357752 33.99760304722552 3.7898360465539036 732.397113028935 0.7832652287765712 -106.1373774916943 -5641.441365217549
1599.9999999986899 11296.282123765443 11796.458915558385 3390.6178666562314 881.0743123586012 -4837.823501933961 43.92325963648713 1.516526950401519 745.8623560557461 2.211507986091496 -108.90692159249336 -5522.430230970193
1609.9999999986808 11361.705012427443 11773.531615093283 3493.454882017679 874.615386565559 -4845.684729786291 45.09284598102765 5.938622367721423 767.0779429558098 0.3804246079905029 -109.21882126756665 -5554.955744431274
1619.9999999986717 11132.536512139028 11823.985732187319 3276.2770894622827 878.4407444576268 -4914.528668352921 32.7726353267637 6.631386834534707 763.4128439869515 2.3438755522496684 -99.08810075063073 -5620.60130930279
1629.9999999986626 11202.014567904023 11838.05486619325 3353.4583438376467 873.8307625438631 -4930.382227522887 26.08757385797267 3.6561327797909655 713.3870574594257 2.9602196044272526 -95.84762677510108 -5580.625584449403
1639.9999999986535 11109.597113382122 11960.312962766418 3242.5048778807663 870.7201104802881 -5030.837248007817 37.793644298616584 2.2460292332320417 681.3224558265376 3.460398941722186 -112.60140034499946 -5643.058375962926
1649.9999999986444 11097.199321401695 11871.339151484617 3219.9135718285247 871.3619985748053 -4933.617563283282 46.053899240422815 3.532405141454177 714.5029734933729 9.412116132148402 -116.16146852259877 -5590.957488768082
1659.9999999986353 11205.913568527138 11755.942951553709 3382.5130481166652 874.36807902 -4870.599462260256 48.53403974104365 1.9588145171867666 780.5415155359927 -0.3824128999242222 -112.24137397225486 -5589.0100451823
1669.9999999986262 11074.632707221841 11742.36188304149 3363.0253418868438 869.1509116537164 -4966.742283116433 35.62996888749848 7.706295908199406 746.9077476083461 0.6357327233358907 -108.37035417130849 -5649.251674072504
1679.999999998617 11169.25440362479 11838.84074219947 3305.1470929080933 885.7873228951373 -4931.299421449396 42.63354953497342 4.20263492125334 727.8065958811447 4.238057760218555 -107.97146863670372 -5602.208790910282
1689.999999998608 11469.898141013333 11846.466803103835 3500.253040811819 883.239043520655 -4824.0754604624135 36.49271177446715 3.1102092170620126 702.1814362501443 0.754618644741118 -107.28763007946898 -5459.326806269359
1699.999999998599 11192.672812856874 11836.351914788906 3308.4712558757005 880.2414856588689 -4899.557843815281 38.14960395054028 2.907219176598364 760.2353144922345 3.262999201437001 -107.21380926935785 -5596.899171366733
1709.9999999985898 11330.137713542728 11880.144265424786 3456.0142838297597 872.5034182680351 -4945.248590242383 48.228388473587714 3.5960349674023067 744.7221415767705 0.9221289536328936 -106.89166520208745 -5635.825619011689
1719.9999999985807 11265.405488346001 11798.076331056598 3295.4790937805633 890.3789499125475 -4783.507410672354 51.25405371430743 7.754048916460036 742.1136354595278 1.371750238618155 -118.23601598845032 -5467.764883012817
1729.9999999985716 11205.610158784952 11864.8443252742 3295.3024278021476 880.3448050761245 -4906.85806420551 40.713582547638396 5.437646269507788 712.7113148061553 2.38925619103971 -105.79168714855214 -5562.318176871299
1739.9999999985625 11293.319905603877 11838.647099823607 3331.809784302428 879.5907556050548 -4823.435034574436 36.58551758915226 1.1267792633139415 758.4226649647014 -0.33212204069117846 -108.74512187576316 -5510.492752475149
1749.9999999985534 11300.708104301177 11805.615517626084 3423.0884377654406 885.2766347470684 -4885.046152641168 47.0438299594703 7.410900864728912 778.3060191550743 2.6961485522777937 -105.48046953194488 -5615.022581640775
1759.9999999985444 11132.382120987073 11839.271426117728 3359.5889052016905 876.4045206710276 -5011.812048428543 55.100470748594105 3.755353944363042 722.6703572304955 3.107729101967483 -110.7036230469779 -5685.742336406985
1769.9999999985353 11107.814509085834 11843.721838035357 3285.1983876959753 881.8568782506164 -4969.734976075425 49.92020349950913 3.3887941229184255 752.55971335155 5.275305293975248 -97.76340919697166 -5683.115583146407
1779.9999999985262 11211.742233340789 11839.672291018152 3398.8496138664887 876.0486369128625 -4965.472509525551 53.7245484932922 4.0382970789667105 718.9669935559203 -1.7857809171500325 -102.14678284964164 -5638.269784886938
1789.999999998517 11038.181531498678 11754.388843101247 3254.1332127636483 879.5739432035418 -4916.232476409854 42.96488118984938 2.812475667829946 823.5200198895336 4.535646650451853 -113.25557219774515 -5676.809927609774
1799.999999998508 11220.03839785697 11862.969034742822 3426.4763373134615 873.7210662770327 -5008.917818446686 41.46271725821239 1.3976838516419705 724.5784855113158 -3.0234126229297167 -111.94740700919817 -5661.385885435729
1809.9999999984989 11286.7790860849 11816.907376067877 3438.155537694485 884.4242081908441 -4917.66905965432 38.08780484181434 5.264783215824175 741.6524592620331 1.2629974817744376 -110.17857041576423 -5593.758534040002
1819.9999999984898 11239.02757661181 11775.250593495099 3385.657279815717 884.1827540298452 -4870.337787280647 37.62431160717034 4.4352378172706635 778.3354952747862 -0.7937982825931329 -108.09528381811002 -5581.843749879171
1829.9999999984807 11278.994728599664 11837.803885377987 3380.2635765626596 882.389505170594 -4882.07210058965 44.252491216556194 1.4873399368140343 720.0537965560226 -0.11313546389044493 -104.11512351261125 -5543.637469322542
1839.9999999984716 11240.383975374323 11756.496469352169 3410.4101787494233 879.6010491501844 -4875.3575354419145 50.94585267922345 8.452495144317133 814.3937430615644 4.544941017708549 -101.8385348418201 -5651.8560325029075
1849.9999999984625 11168.533146004334 11795.909050005166 3315.105404662795 887.1405582713058 -4896.05737855063 49.75984658188758 2.699494097548842 764.2466286479238 4.48103982529502 -106.22194723349578 -5611.02244046979
1859.9999999984534 11330.525498222876 11834.722996488783 3420.5806176059987 869.7930437520182 -4863.276652896953 31.871005939446114 6.330186795311161 752.2581523079471 5.9324638199620585 -109.37394369727437 -5550.294518062346
1869.9999999984443 11356.112610130254 11864.1478510922 3457.0422970207565 892.7791091823966 -4920.645435798821 50.960890112877536 1.577559889493552 784.0287794491929 -0.7055445595162233 -117.74661677768131 -5638.760503913188
1879.9999999984352 11461.241548766142 11823.09791359643 3474.8309673650892 905.449259691297 -4807.535240101613 46.953640238582 2.122320097804555 804.6748113249017 4.5357882865569215 -103.43053702950947 -5562.391263019949
1889.9999999984261 11209.928723062454 11814.050870515473 3350.5773495935587 877.6658039927963 -4896.6282961310635 32.79613225588766 1.0162214501396962 777.181397577477 3.172205368758625 -127.20618006468865 -5583.588072718638
1899.999999998417 11316.622174975964 11827.670908347744 3405.937456366427 873.666897291119 -4857.123476054282 32.04262526078492 1.9657374956958447 768.7850417160474 9.278636179671777 -104.82122178993134 -5564.374294916551
1909.999999998408 11178.16670889069 11853.220513048278 3303.330274484689 875.2286773264284 -4919.138013017071 52.73350025404328 5.777502527216338 737.990982947708 0.1352909547528749 -121.78500577859995 -5593.990283922191
1919.9999999983988 11200.657339923646 11777.908114286533 3264.4494957135266 902.1092839177003 -4813.703642062164 57.45087836552443 4.108099470340067 765.5114797431913 4.61703584470555 -115.54796732413655 -5529.843168161789
1929.9999999983897 11124.900100835319 11893.551190941094 3345.822522283187 868.8348592724296 -5047.518387742621 47.888790674822715 4.381547753612574 706.9529980460563 0.9530552198051643 -103.73706571945284 -5703.957713717465
1939.9999999983806 11156.289598569729 11872.552507036455 3260.817534023034 878.2337257257124 -4919.871308842348 45.17323377393083 2.2886569375047 771.5626312554866 1.9203054809493751 -108.04514650736567 -5632.7709897828545
1949.9999999983715 11251.034037518682 11846.660342283414 3415.3307398619468 866.5048692593914 -4945.815107272769 54.27968748315869 6.10211102700366 757.7647364137523 -2.2771427575838 -114.1754098676946 -5647.509089571405
1959.9999999983625 11180.617933149111 11848.780444107759 3289.9030708115665 874.9104906409046 -4899.384743693654 36.6869663622265 6.152373641089439 736.5777589614479 0.5635963262103225 -98.11540175217067 -5581.2500372324575
1969.9999999983534 11111.445985455746 11832.859617368109 3254.721909897085 887.273711379025 -4928.659522859988 36.72026326361979 3.488174562624626 734.4984294078306 3.0872548048292034 -112.34734764932249 -5594.10629724957
1979.9999999983443 11216.535360363476 11840.29787023341 3363.6843031916696 875.3495088158094 -4925.367620732606 41.60470444952623 2.8350352912430883 779.4622904144608 0.14080512579844262 -108.19690313469036 -5641.213552878944
1989.9999999983352 11153.011657729414 11886.767518570885 3322.0897385046937 866.5646512684494 -4987.577552919155 41.17127589865268 10.166386989426398 716.1227806868666 -0.04127521689571978 -106.56459375688426 -5648.432127520321
