# zheight || 0 up || 1 up || 2 up || 2 down || 1 down || 0 down 
0.06 0.0 0.0 0.0 0.0 0.0 0.0 
0.18 0.0 0.0 0.0 0.0 0.0 0.0 
0.3 0.0 0.0 0.0 0.0 0.0 0.0 
0.42 0.0 0.0 0.0 0.0 0.0 0.0 
0.54 0.0 0.0 0.0 0.0 0.0 0.0 
0.6599999999999999 0.0 0.0 0.0 0.0 0.0 0.0 
0.78 0.0 0.0 0.0 0.0 0.0 0.0 
0.8999999999999999 0.0 0.0 0.0 0.0 0.0 0.0 
1.02 0.0 0.0 0.0 0.0 0.0 0.0 
1.1400000000000001 0.0 0.0 0.0 0.0 0.0 0.0 
1.26 0.0 0.0 0.0 0.0 0.0 0.0 
1.38 0.0 0.0 0.0 0.0 0.0 0.0 
1.5 0.0 0.0 0.0 0.0 0.0 0.0 
1.62 0.0 0.0 0.0 0.0 0.0 0.0 
1.74 0.0 0.0 0.0 0.0 0.0 0.0003703703703703704 
1.8599999999999999 0.0 0.0 0.0 0.0 0.0 0.0 
1.98 0.0 0.0 0.0 0.0 0.0 0.0 
2.1 0.0 0.0 0.0 0.0 0.0 0.0 
2.22 0.0 0.0 0.0 0.0 0.0 0.0011111111111111113 
2.34 0.0 0.0 0.0 0.0 0.0 0.0033333333333333335 
2.46 0.0 0.0 0.0 0.0 0.0 0.0044444444444444444 
2.58 0.0 0.0 0.0 0.0 0.0 0.011111111111111118 
2.6999999999999997 0.0 0.0 0.0 0.0 0.0003703703703703704 0.02777777777777778 
2.82 0.0 0.0 0.0 0.0 0.0003703703703703704 0.05703703703703706 
2.94 0.0 0.0 0.0 0.0 0.0003703703703703704 0.09962962962962968 
3.06 0.0 0.0 0.0 0.0 0.0007407407407407408 0.16592592592592595 
3.18 0.0 0.0 0.0 0.0003703703703703704 0.001851851851851852 0.26518518518518536 
3.3 0.0 0.0 0.0 0.0003703703703703704 0.003703703703703704 0.37148148148148147 
3.42 0.0 0.0 0.0 0.0 0.012222222222222228 0.5222222222222223 
3.54 0.0 0.0 0.0 0.0 0.018518518518518517 0.6696296296296299 
3.6599999999999997 0.0 0.0 0.0 0.0003703703703703704 0.04370370370370373 0.6125925925925925 
3.78 0.0 0.0 0.0 0.0003703703703703704 0.08259259259259259 0.6566666666666667 
3.9 0.0 0.0 0.0 0.0007407407407407408 0.14148148148148143 0.6574074074074078 
4.02 0.0 0.0 0.0 0.0022222222222222227 0.2329629629629629 0.5925925925925927 
4.14 0.0 0.0 0.0 0.003703703703703704 0.3277777777777778 0.4962962962962964 
4.26 0.0 0.0 0.0 0.009629629629629634 0.4566666666666668 0.4055555555555558 
4.38 0.0 0.0 0.0 0.017037037037037045 0.5900000000000003 0.29148148148148145 
4.499999999999999 0.0 0.0 0.0 0.03888888888888889 0.6988888888888894 0.2144444444444446 
4.619999999999999 0.0003703703703703704 0.0 0.0007407407407407408 0.06333333333333334 0.6792592592592593 0.16296296296296295 
4.739999999999999 0.0 0.0003703703703703704 0.001851851851851852 0.11148148148148146 0.6877777777777782 0.11777777777777779 
4.859999999999999 0.0007407407407407408 0.0003703703703703704 0.003703703703703704 0.197037037037037 0.6281481481481486 0.08703703703703708 
4.9799999999999995 0.0 0.0003703703703703704 0.005925925925925928 0.30111111111111133 0.5581481481481485 0.057777777777777796 
5.1 0.0 0.0 0.010740740740740747 0.4037037037037039 0.44111111111111134 0.03888888888888892 
5.22 0.0003703703703703704 0.0003703703703703704 0.017037037037037038 0.5270370370370374 0.34296296296296314 0.024814814814814828 
5.339999999999999 0.0 0.001851851851851852 0.03666666666666668 0.6688888888888889 0.24259259259259264 0.0162962962962963 
5.459999999999999 0.0011111111111111113 0.0003703703703703704 0.06407407407407409 0.7774074074074073 0.16703703703703707 0.011111111111111113 
5.579999999999999 0.0022222222222222222 0.0033333333333333335 0.11851851851851848 0.7096296296296299 0.11851851851851845 0.007407407407407411 
5.699999999999999 0.0007407407407407408 0.0044444444444444444 0.16518518518518518 0.6992592592592598 0.08037037037037038 0.005555555555555557 
5.819999999999999 0.0003703703703703704 0.008888888888888892 0.26518518518518525 0.5929629629629634 0.04407407407407409 0.004074074074074075 
5.9399999999999995 0.0022222222222222222 0.015925925925925927 0.3637037037037036 0.5066666666666668 0.028148148148148155 0.0033333333333333335 
6.06 0.0022222222222222222 0.029259259259259266 0.49222222222222234 0.34851851851851856 0.0162962962962963 0.0022222222222222222 
6.18 0.0029629629629629632 0.04481481481481484 0.5844444444444445 0.25555555555555576 0.00740740740740741 0.0011111111111111113 
6.3 0.006296296296296296 0.08333333333333337 0.701851851851852 0.18333333333333335 0.00666666666666667 0.0014814814814814816 
6.419999999999999 0.00777777777777778 0.13296296296296298 0.7225925925925928 0.09592592592592591 0.005925925925925928 0.002592592592592593 
6.539999999999999 0.010740740740740743 0.1770370370370371 0.7707407407407411 0.0603703703703704 0.002592592592592593 0.0011111111111111113 
6.659999999999999 0.02444444444444447 0.25222222222222224 0.618888888888889 0.04518518518518524 0.0014814814814814816 0.0007407407407407408 
6.779999999999999 0.022222222222222223 0.3437037037037036 0.5429629629629631 0.024444444444444456 0.0011111111111111113 0.0003703703703703704 
6.8999999999999995 0.04888888888888892 0.45777777777777795 0.3837037037037039 0.012592592592592594 0.0003703703703703704 0.0003703703703703704 
7.02 0.05555555555555557 0.5274074074074075 0.28 0.006666666666666669 0.0 0.0 
7.14 0.09 0.6300000000000002 0.1940740740740741 0.0022222222222222222 0.0003703703703703704 0.0 
7.259999999999999 0.13444444444444448 0.6888888888888887 0.12518518518518523 0.0033333333333333335 0.0003703703703703704 0.0 
7.379999999999999 0.1559259259259259 0.6733333333333335 0.0714814814814815 0.0007407407407407408 0.0003703703703703704 0.0 
7.499999999999999 0.21888888888888894 0.723703703703704 0.04222222222222225 0.0007407407407407408 0.0 0.0 
7.619999999999999 0.3029629629629631 0.5222222222222223 0.03259259259259262 0.0003703703703703704 0.0 0.0 
7.739999999999999 0.4003703703703704 0.44296296296296317 0.01925925925925926 0.0 0.0 0.0 
7.859999999999999 0.5092592592592592 0.30925925925925934 0.010370370370370377 0.0 0.0 0.0 
7.9799999999999995 0.5814814814814818 0.22037037037037038 0.006296296296296299 0.0003703703703703704 0.0 0.0 
8.1 0.6318518518518521 0.14148148148148146 0.003703703703703704 0.0007407407407407408 0.0 0.0 
8.22 0.6870370370370371 0.09111111111111113 0.0011111111111111113 0.0 0.0 0.0 
8.34 0.6392592592592592 0.057407407407407414 0.0007407407407407408 0.0 0.0 0.0 
8.46 0.6270370370370371 0.028888888888888898 0.0003703703703703704 0.0 0.0 0.0 
8.58 0.45740740740740754 0.021111111111111122 0.0011111111111111113 0.0 0.0 0.0 
8.700000000000001 0.35 0.012962962962962968 0.0003703703703703704 0.0 0.0 0.0 
8.82 0.2577777777777777 0.0044444444444444444 0.0 0.0 0.0 0.0 
8.94 0.17518518518518517 0.004074074074074075 0.0003703703703703704 0.0 0.0 0.0 
9.06 0.10555555555555557 0.0007407407407407408 0.0 0.0 0.0 0.0 
9.18 0.06333333333333332 0.0003703703703703704 0.0 0.0 0.0 0.0 
9.3 0.035925925925925944 0.0007407407407407408 0.0 0.0 0.0 0.0 
9.42 0.022222222222222233 0.0007407407407407408 0.0 0.0 0.0 0.0 
9.540000000000001 0.013333333333333338 0.0 0.0 0.0 0.0 0.0 
9.66 0.005925925925925928 0.0 0.0 0.0 0.0 0.0 
9.78 0.0022222222222222222 0.0 0.0 0.0 0.0 0.0 
9.9 0.001851851851851852 0.0003703703703703704 0.0 0.0 0.0 0.0 
10.02 0.0003703703703703704 0.0 0.0 0.0 0.0 0.0 
10.14 0.0003703703703703704 0.0 0.0 0.0 0.0 0.0 
10.26 0.0003703703703703704 0.0 0.0 0.0 0.0 0.0 
10.38 0.0 0.0 0.0 0.0 0.0 0.0 
10.5 0.0 0.0 0.0 0.0 0.0 0.0 
10.62 0.0 0.0 0.0 0.0 0.0 0.0 
10.74 0.0003703703703703704 0.0 0.0 0.0 0.0 0.0 
10.86 0.0 0.0 0.0 0.0 0.0 0.0 
10.98 0.0 0.0 0.0 0.0 0.0 0.0 
11.1 0.0 0.0 0.0 0.0 0.0 0.0 
11.22 0.0 0.0 0.0 0.0 0.0 0.0 
11.34 0.0 0.0 0.0 0.0 0.0 0.0 
11.46 0.0 0.0 0.0 0.0 0.0 0.0 
11.58 0.0 0.0 0.0 0.0 0.0 0.0 
11.7 0.0 0.0 0.0 0.0 0.0 0.0 
11.82 0.0 0.0 0.0 0.0 0.0 0.0 
11.94 0.0 0.0 0.0 0.0 0.0 0.0 
