# Components of the total pressure tensor in row major order
# pxx pxy pxz pyx pyy pyz pzx pzy pzz
0.0 -0.5437947426715009 -0.04088999723860635 -0.04742323563787325 -0.040889997238606354 -0.44524229567596685 0.0026381803038987768 -0.04742323563787325 0.0026381803038987768 -6.650958061832108  
1.0000000000000007 -0.29250876149643545 0.019131607774951924 0.10372135864660818 0.019131607774951896 -0.18229337769698123 -0.04676368938763406 0.10372135864660825 -0.04676368938763427 0.24713958058639485  
2.0000000000000013 0.04527859538392624 0.03659873288607023 -0.17515185152858082 0.03659873288607021 0.04691235758152679 0.01301182801797571 -0.1751518515285809 0.013011828017975811 0.08928226781693538  
2.99999999999998 -0.05366809128879002 0.0865913749815308 -0.013297476392797224 0.0865913749815308 -0.1351288005099462 -0.020058427535326707 -0.013297476392797207 -0.020058427535326644 -0.12299902898159049  
3.9999999999999587 -0.18085032380512234 0.012970649747247941 -0.03268589900536929 0.012970649747247997 -0.18545310906475101 -0.09966524788968341 -0.03268589900536933 -0.0996652478896834 0.19255136638561093  
4.999999999999938 -0.08391725537274002 0.021985486819973712 0.17907929668211936 0.021985486819973688 -0.06765913235681265 0.14076990583473126 0.17907929668211936 0.1407699058347313 -0.026621501855951468  
5.9999999999999165 -0.033536222447841824 0.04263818028592534 -0.05262440005431741 0.042638180285925344 -0.08516438682650165 -0.015342528330213965 -0.05262440005431747 -0.015342528330214013 -0.04337535728619413  
6.999999999999895 -0.12441901129933836 0.10859022893253573 0.17813266197370164 0.1085902289325357 -0.10042301867254481 -0.011896760647367995 0.17813266197370164 -0.01189676064736801 -0.16998140217171281  
7.999999999999874 -0.1657769911931729 -0.09063952478593906 0.012791192056204529 -0.09063952478593909 -0.08104721604791042 -0.06069061945905614 0.012791192056204671 -0.060690619459056176 0.17793012119136808  
8.999999999999853 -0.08972592413243576 0.0030140112423728826 0.008116858362466978 0.003014011242372907 0.07863267424026715 -0.0817449331787057 0.008116858362467103 -0.08174493317870574 0.2336487773288985  
9.999999999999831 -0.07302402601135899 0.048000128341821165 -0.049726307420126875 0.04800012834182115 0.09594892899241317 0.11249224560752602 -0.049726307420126785 0.11249224560752602 -0.028857412166691965  
10.99999999999981 -0.22658309200901045 0.019483530091753288 -0.03825066713337748 0.019483530091753257 -0.1233288997759521 -0.09440602038759438 -0.03825066713337741 -0.09440602038759434 -0.02894333809200067  
11.999999999999789 -0.09164541372364676 0.09050900856727637 -0.062392261243361634 0.09050900856727637 -0.1290820534366235 -0.029461108419409555 -0.06239226124336158 -0.029461108419409528 -0.11599724106453141  
12.999999999999767 -0.1261811724296853 0.09860110652762162 0.04725784242936658 0.09860110652762154 0.15716966546308814 -0.033652475868799554 0.047257842429366606 -0.03365247586879962 0.225786882331443  
13.999999999999746 -0.03910554378651835 0.024098450393723388 0.0255339085779007 0.024098450393723457 -0.09216878720162594 0.009025722065014495 0.025533908577900756 0.009025722065014575 -0.13430825609639768  
14.999999999999725 -0.08403799091381547 -0.09746376830434042 0.15235281563070743 -0.09746376830434039 -0.12237613409725287 0.014340796398646365 0.15235281563070743 0.014340796398646266 -0.04962076872420601  
15.999999999999703 -0.09294865352575803 -0.01481596600385426 0.07273399081509044 -0.014815966003854271 -0.03611404529308506 0.04295137188762999 0.07273399081509041 0.04295137188762996 -0.07786403942295  
16.999999999999858 -0.012001370755904461 0.07118715719681995 -0.011558195970673514 0.0711871571968199 -0.12789747422748604 -0.01733261939959784 -0.011558195970673472 -0.01733261939959791 -0.05059359904405791  
18.000000000000014 -0.15666268981888345 -0.037694247646977694 -0.005318889272710299 -0.037694247646977694 -0.20034362866838515 0.12295025789644681 -0.005318889272710292 0.12295025789644676 -0.4809245716728723  
19.00000000000017 0.05605165541982843 0.003329803345772561 -0.026471776169615158 0.00332980334577258 -0.044005874933582836 0.048228705031739844 -0.026471776169615165 0.048228705031739906 -0.2072502108038105  
20.000000000000327 -0.09222565329792759 -0.030164679108195015 -0.0290683936736087 -0.030164679108195012 -0.12544459906079025 -0.09274481944094401 -0.029068393673608736 -0.09274481944094407 -0.11725873516783764  
21.000000000000483 -0.08237108009565997 0.05268441851737288 -0.0903034645714297 0.05268441851737289 -0.13580967175340325 0.001257720438314628 -0.09030346457142971 0.0012577204383148084 0.0868327207098073  
22.00000000000064 -0.2313578143438063 0.05202830161272775 -0.1262339946756413 0.05202830161272773 -0.20351116106871753 0.09904984652348361 -0.1262339946756413 0.0990498465234835 -0.31966242467849204  
23.000000000000796 -0.029150672942895313 -0.0541263006590207 0.06033402207234169 -0.054126300659020826 -0.033190208462792276 0.0035657480520864294 0.06033402207234174 0.003565748052086367 0.12274968136316045  
24.000000000000952 0.0320497088300135 -0.013298899413686463 -0.07150172380936759 -0.013298899413686508 -0.18520315408947435 0.03937863290923177 -0.07150172380936753 0.03937863290923176 -0.13640695081498705  
25.00000000000111 0.04228983337801284 0.07577125833561112 0.010116692681454823 0.07577125833561113 0.04862590051728885 -0.015761018798338133 0.010116692681454847 -0.015761018798338265 0.23992199548227977  
26.000000000001265 -0.11385593591131864 0.06729105429996025 -0.03841267363010908 0.06729105429996024 0.0002470649209264861 0.014536040491618621 -0.03841267363010906 0.014536040491618671 0.18009566899265356  
27.00000000000142 -0.14210719780943445 -0.08275457726416927 0.01006126619056364 -0.0827545772641693 -0.1808268999856521 0.024061782608277335 0.010061266190563675 0.02406178260827735 -0.08281655656619291  
28.000000000001577 -0.1710278606166128 0.05880482891891381 -0.13800317901640063 0.05880482891891384 0.038944547303784174 0.014988639698953421 -0.1380031790164006 0.014988639698953421 0.0032734234234049753  
29.000000000001734 0.11266265831718733 -0.03497896559028258 0.020040638887004462 -0.03497896559028259 -0.055263416767943774 -0.09129686621149702 0.020040638887004386 -0.091296866211497 0.10252378289071779  
30.00000000000189 -0.03628961482305846 -0.13378139902709676 0.09595569591975145 -0.1337813990270968 -0.07153977221924103 -0.08725137468959691 0.09595569591975137 -0.08725137468959696 -0.10364897953835217  
31.000000000002046 -0.1428430421013287 0.01896971465022073 -0.026256011175315903 0.018969714650220744 -0.2111599118731749 0.02804687742881764 -0.026256011175315768 0.028046877428817712 -0.1219031093905143  
32.0000000000022 -0.1684039394959779 0.06129793009525869 0.023766357372542526 0.06129793009525872 -0.1655846296535654 0.03741052043798679 0.023766357372542513 0.03741052043798673 0.0636079673263345  
33.000000000002004 -0.08082501670073709 -0.10520780115462353 -0.012691309012642399 -0.10520780115462354 0.04505406269869715 -0.08069796962555878 -0.012691309012642375 -0.08069796962555875 0.3713977550516418  
34.000000000001805 0.02492781232433454 0.053970229017606855 -0.022359649835850093 0.05397022901760685 -0.26770347003080375 0.05439304919967158 -0.022359649835850145 0.054393049199671625 0.06995565885180166  
35.000000000001606 -0.08936323791408948 0.056380464703306356 0.06738690396859764 0.05638046470330636 -0.15509588612057462 0.06106284333040478 0.06738690396859764 0.06106284333040472 0.04904045580709848  
36.00000000000141 -0.05433429878419077 -0.04378655942209374 -0.181794391679669 -0.04378655942209376 -0.033299760484269025 -0.08543069174115779 -0.18179439167966907 -0.08543069174115786 0.054349032764556826  
37.00000000000121 -0.27928393522942935 -0.006240457978996125 0.0708625442095474 -0.006240457978996132 0.1353452734957915 -0.009982178223875437 0.07086254420954725 -0.009982178223875395 -0.03455811695429206  
38.00000000000101 -0.1384370422707799 0.01773048029383247 0.12371877268186765 0.017730480293832434 -0.04094561779232336 0.03579838024624164 0.12371877268186758 0.035798380246241594 0.11698551482748093  
39.00000000000081 -0.1346487610876345 -0.030031923605620507 -0.03888721044928324 -0.030031923605620486 0.12807949896743798 0.04112209576075469 -0.03888721044928324 0.04112209576075464 0.0637087538153363  
40.00000000000061 -0.022580793926289325 -0.05284236067284637 -0.12478261018323564 -0.05284236067284638 -0.043037904889173924 -0.030360900652164534 -0.12478261018323564 -0.03036090065216463 -0.25910537467117106  
41.00000000000041 -0.1451740648406697 -0.008604722472730392 0.012872964766303948 -0.008604722472730482 -0.04547226952975921 -0.003363906388493706 0.012872964766303998 -0.003363906388493673 0.10925220833239302  
42.00000000000021 -0.09900449872586137 -0.023077526610377715 0.08153707696435858 -0.023077526610377715 -0.2303996138296241 -0.04197287650798616 0.08153707696435858 -0.04197287650798637 -0.3838915714455992  
43.000000000000014 -0.10726798656464914 -0.08477319034211997 0.018358396240784485 -0.08477319034211994 -0.02328147445520782 -0.07741093554351501 0.018358396240784506 -0.07741093554351498 0.3065212310556217  
43.999999999999815 0.06585396650993419 0.04395393486802602 0.027447260813508664 0.04395393486802595 -0.14786900737037567 0.14464259406646357 0.027447260813508637 0.1446425940664636 0.2826314773240806  
44.999999999999616 -0.20673167779527124 -0.09927134474901507 0.0560933212509688 -0.09927134474901511 -0.21035113240276837 -0.06082704486988431 0.05609332125096876 -0.060827044869884356 -0.2213792576124991  
45.99999999999942 -0.08293190789202501 -0.07369986774820755 0.02514084449632416 -0.07369986774820753 0.13383515525919445 0.04742313362238987 0.025140844496324134 0.0474231336223899 -0.1061294535806207  
46.99999999999922 0.02629619640658579 -0.046510808178892415 0.10101708667294645 -0.0465108081788924 0.09785343922904657 0.04039734333251374 0.10101708667294643 0.04039734333251377 0.3764913049722476  
47.99999999999902 -0.2325732049206893 -0.018891892459907945 0.09115711967662304 -0.018891892459907918 0.015694425849759483 -0.0343838257244416 0.09115711967662303 -0.034383825724441666 -0.3145686387694172  
48.99999999999882 0.006867321543543808 0.07662540665647877 -0.040656581501194625 0.07662540665647878 -0.18923543432499068 -0.00517700755957124 -0.04065658150119483 -0.005177007559571279 -0.03232197648911772  
49.99999999999862 0.006332681122876591 0.034392424080355644 -0.14904676654910823 0.03439242408035567 0.013263949948866923 -0.014611233412488316 -0.14904676654910823 -0.014611233412488288 0.01398314600585504  
50.99999999999842 -0.12166255040287302 -0.032145787667040064 -0.037960036091258684 -0.032145787667040064 -0.04181613567744067 0.14573512063341715 -0.03796003609125867 0.14573512063341718 0.10984011230203444  
51.999999999998224 -0.0688052534010023 -0.0514081538820951 0.13955665667904807 -0.05140815388209516 -0.19520246799517288 0.0015165039795722278 0.139556656679048 0.0015165039795721948 -0.14118101626124024  
52.999999999998025 0.02738422605242992 -0.05180866565296519 -0.06434060991925133 -0.05180866565296519 -0.041691135821052674 -0.007088376069695198 -0.06434060991925132 -0.007088376069695075 -0.006372639023201954  
53.999999999997826 -0.027287975261052866 0.02960700848386446 -0.0017965667722004725 0.029607008483864494 -0.11966788338501774 0.10617036242932275 -0.0017965667722004148 0.10617036242932283 -0.22403470956137078  
54.99999999999763 0.013835113240574556 -0.08590639384126282 -0.02181969719344782 -0.08590639384126283 -0.02963220538163447 0.07563765001575033 -0.02181969719344788 0.0756376500157503 -4.6234254663823915e-5  
55.99999999999743 0.07589891578012792 0.12145401575616006 -0.03329382390627526 0.12145401575616005 -0.17334553483316703 -0.03768419644085354 -0.03329382390627529 -0.037684196440853725 -0.04719402162796804  
56.99999999999723 0.013586036054572537 -0.07555705659375739 0.013554682994753823 -0.07555705659375742 -0.16486521086285227 0.04533358684579428 0.013554682994753892 0.04533358684579456 -0.02045425327737821  
57.99999999999703 -0.20795516758768187 -0.058620344484859456 0.025865833830499493 -0.05862034448485943 -0.059191920065037776 -0.027637984282257236 0.02586583383049945 -0.027637984282257246 0.022348274438152294  
58.99999999999683 -0.07910059450059868 -0.03127382937998886 -0.10813277019269867 -0.03127382937998886 0.009116306992289172 0.002336797713319313 -0.10813277019269862 0.0023367977133193427 0.2945372916576322  
59.99999999999663 -0.0558098074884357 0.036389382078207376 -0.09517739419488214 0.03638938207820735 -0.10498333871970723 -0.036743044772182286 -0.09517739419488219 -0.03674304477218216 -0.17931297393567275  
60.99999999999643 -0.1316300858019969 -0.07698108213733802 -0.1618084823959439 -0.07698108213733802 -0.14042758082604906 0.052571229030274905 -0.16180848239594395 0.05257122903027498 0.05965333025194908  
61.999999999996234 -0.22266053366788457 -0.005923197817705049 0.045507067234157705 -0.005923197817705041 -0.2312688127602003 -0.05821036683775935 0.04550706723415755 -0.058210366837759424 -0.2883972735026217  
62.999999999996035 -0.07517456012478244 0.04955046883295927 0.08595398051057056 0.04955046883295929 0.04689918679141124 -0.028083077863340494 0.08595398051057064 -0.028083077863340467 0.004617432181145964  
63.999999999995836 -0.11016658765969284 -0.010193832368423177 -0.0734937093029039 -0.01019383236842318 0.03935460019313029 -8.69651341408751e-5 -0.07349370930290401 -8.696513414101908e-5 -0.09234807661467381  
64.99999999999635 -0.05176791656078891 0.005682668291841879 -0.06787897391855362 0.005682668291841872 -0.017903658816199427 0.051838776824104205 -0.06787897391855363 0.05183877682410421 -0.23862992170919856  
65.99999999999686 -0.0577830688408224 -0.025750470649003827 -0.055691306356599815 -0.025750470649003855 0.0540510948098127 -0.07662788105680446 -0.05569130635659986 -0.07662788105680446 0.3636863988643587  
66.99999999999737 0.014426628645799699 -0.18024650612372453 -0.008106451475324808 -0.1802465061237245 -0.00619226356445373 0.09110226121220029 -0.008106451475324773 0.09110226121220033 -0.27409933218778243  
67.99999999999788 -0.12833293780082702 0.054294928163175576 0.05524494436598862 0.05429492816317556 -0.0017479372784634517 -0.001193137318624339 0.05524494436598858 -0.0011931373186242905 0.3746940179077135  
68.9999999999984 -0.02612911632694631 0.07669273911839748 -0.05287053193803256 0.07669273911839751 -0.1735299957071673 0.01143306691767625 -0.052870531938032525 0.011433066917676288 0.017398108502625076  
69.9999999999989 0.09234852631918923 -0.11766974885116696 -0.009168405735652993 -0.11766974885116693 0.03213666044715741 0.030395272900569113 -0.009168405735652972 0.03039527290056917 -0.11589966052576722  
70.99999999999942 0.08875170305788686 0.05253454140788302 0.14726312907889103 0.05253454140788298 -0.0010373180778546574 -0.09107175012027283 0.14726312907889097 -0.09107175012027283 0.294067609483593  
71.99999999999993 -0.14742454223677579 0.07936695058923186 -0.06689083585484833 0.07936695058923185 -0.21221080402692213 -0.062057527266505014 -0.06689083585484829 -0.062057527266504986 -0.18069200128461976  
73.00000000000044 0.021165196976128377 -0.002007599810690694 0.036768196379421886 -0.0020075998106907286 -0.11962399051025623 -0.04578360960618201 0.03676819637942187 -0.04578360960618194 -0.3224083712750001  
74.00000000000095 -0.01014635408500324 -0.03011618893248781 -0.053021298256907684 -0.030116188932487825 -0.09290898485960614 0.08963694235190042 -0.053021298256907705 0.08963694235190042 0.09554051965449173  
75.00000000000146 -0.14284972477762772 -0.026399516471519655 -0.04399838927603228 -0.02639951647151958 -0.20968814924383625 0.025365846849297394 -0.04399838927603223 0.025365846849297415 -0.07304387558440983  
76.00000000000198 -0.0295991914667912 0.0010156348270293283 0.027560368154767163 0.001015634827029363 0.04067419578130613 -0.010833771051527746 0.027560368154767107 -0.010833771051527656 0.25209077390338125  
77.00000000000249 0.29806686515301634 -0.03256357469476116 -0.09155553086448524 -0.03256357469476108 0.06585360810252519 -0.028666579932590308 -0.09155553086448528 -0.02866657993259036 0.14024399412349614  
78.000000000003 -0.2342459929026409 0.0010081103906943514 -0.03136201345573705 0.0010081103906943445 -0.08828401947214408 0.15088713132824852 -0.031362013455737 0.15088713132824855 0.06045153538355241  
79.00000000000351 -0.1791012152017974 0.031164859237513217 0.10178180762838004 0.031164859237513273 -0.1760751259058258 0.05109805371951899 0.10178180762837996 0.05109805371951902 0.1738071414456549  
80.00000000000402 -0.14149513207829176 0.02334740276661347 0.004218061879528633 0.023347402766613484 -0.0401188044270913 0.09743150278547644 0.004218061879528671 0.09743150278547638 -0.15336988940381058  
81.00000000000453 -0.19293940161110842 0.023835944200302953 0.007918260932377356 0.02383594420030296 -0.06282138509857807 0.08575014901926409 0.007918260932377292 0.08575014901926409 0.019574238689197332  
82.00000000000504 0.06657527660400633 -0.012527195332542512 -0.05556767544131923 -0.01252719533254253 0.019850927455257048 0.012394031074811837 -0.05556767544131931 0.012394031074811858 -0.0435569578136808  
83.00000000000556 -0.12661908680730907 0.06218388276528305 0.03193336767763998 0.06218388276528304 -0.11206848549291935 -0.06628205334250767 0.03193336767763993 -0.06628205334250756 -0.16202825730469333  
84.00000000000607 -0.08954447475980384 -0.007153977759607694 -0.012342244137321698 -0.007153977759607712 -0.12976261490764326 0.06289266709210584 -0.012342244137321726 0.06289266709210588 0.22474557953729524  
85.00000000000658 -0.13016370751578357 0.0502431454167075 -0.027992959358429114 0.05024314541670745 -0.030749489243897053 -0.028706488638572468 -0.027992959358429284 -0.02870648863857255 -0.3663181844521388  
86.00000000000709 -0.1688240063020469 0.006066842151495319 0.04273362810379239 0.006066842151495305 -0.1196962742987471 0.11400365138452889 0.04273362810379264 0.1140036513845289 -0.09173335682107764  
87.0000000000076 -0.04887349456664694 -0.0687714728889357 -0.057174254923832594 -0.06877147288893566 0.049157874897562806 -0.09041775405808482 -0.05717425492383263 -0.0904177540580849 0.25286999713197345  
88.00000000000811 0.0008260486288978481 0.027053173971719663 -0.03416004401396075 0.02705317397171965 -0.06843567584719588 -0.05463226930750753 -0.034160044013960625 -0.05463226930750752 -0.29867023388108704  
89.00000000000863 -0.08674537299070711 -0.06107121981443131 -0.12454707244437267 -0.06107121981443129 -0.07242815220236973 -0.09895369912483243 -0.12454707244437274 -0.0989536991248324 -0.3131957651466744  
90.00000000000914 -0.09042833567770778 -0.0011915632387635745 -0.05858876855277301 -0.0011915632387635832 -0.04131022653730216 -0.023959325520042728 -0.05858876855277301 -0.023959325520042728 0.2093784243556595  
91.00000000000965 -0.16038136796391372 -0.05451221409236655 -0.032036691589679644 -0.054512214092366534 0.0733337369470487 0.04197271115300912 -0.032036691589679415 0.04197271115300928 -0.10844426621792991  
92.00000000001016 -0.004099301889987202 0.008201729753047955 0.1704521925962702 0.008201729753047874 -0.09625145573362782 -0.00032266454901070697 0.1704521925962702 -0.0003226645490107677 -0.08742786724396351  
93.00000000001067 0.0699353914014049 0.026277375973005328 -0.1555046800075338 0.026277375973005338 -0.023414903235339873 0.03694205660502514 -0.1555046800075337 0.03694205660502517 0.21376005056054104  
94.00000000001118 0.03177904024414811 0.024082796642437867 0.01600621703864372 0.02408279664243788 0.1063969435619936 0.012166929227173204 0.016006217038643716 0.01216692922717318 0.37592640118838516  
95.0000000000117 -0.07541705419000208 0.030481169751435992 -0.017934335269827878 0.030481169751435944 0.019654542066528155 0.05045372486385954 -0.01793433526982779 0.05045372486385955 0.05256668658674035  
96.00000000001221 -0.10514474040987477 -0.09570584570692403 0.01912915260663489 -0.09570584570692399 0.17852316975976684 -0.04323690430467663 0.019129152606634954 -0.043236904304676596 -0.04080817416936616  
97.00000000001272 -0.10213780259780343 -0.06435769751793516 -0.018384583215630954 -0.06435769751793513 -0.1524028280388446 -0.03790703188443055 -0.01838458321563094 -0.03790703188443054 -0.1622853664918406  
98.00000000001323 -0.0741774492483642 -0.0027144960109611524 0.12992760033787173 -0.0027144960109611246 -0.16494248431663577 -0.013702688249550482 0.12992760033787173 -0.013702688249550427 -0.22425281369446892  
99.00000000001374 -0.19617634396859834 0.08654459557242046 -0.06077758205180153 0.08654459557242043 -0.1803643590669414 0.06665466054798078 -0.060777582051801504 0.0666546605479808 -0.07484660636548413  
