# The number of stray lipids vs time
# Time num_strays
0.0 0.0
1.0000000000000007 0.0
2.0000000000000013 0.0
2.99999999999998 0.0
3.9999999999999587 0.0
4.999999999999938 0.0
5.9999999999999165 0.0
6.999999999999895 0.0
7.999999999999874 0.0
8.999999999999853 0.0
9.999999999999831 0.0
10.99999999999981 0.0
11.999999999999789 0.0
12.999999999999767 0.0
13.999999999999746 0.0
14.999999999999725 0.0
15.999999999999703 0.0
16.999999999999858 0.0
18.000000000000014 0.0
19.00000000000017 0.0
20.000000000000327 0.0
21.000000000000483 0.0
22.00000000000064 0.0
23.000000000000796 0.0
24.000000000000952 0.0
25.00000000000111 0.0
26.000000000001265 0.0
27.00000000000142 0.0
28.000000000001577 0.0
29.000000000001734 0.0
30.00000000000189 0.0
31.000000000002046 0.0
32.0000000000022 0.0
33.000000000002004 0.0
34.000000000001805 0.0
35.000000000001606 0.0
36.00000000000141 0.0
37.00000000000121 0.0
38.00000000000101 0.0
39.00000000000081 0.0
40.00000000000061 0.0
41.00000000000041 0.0
42.00000000000021 0.0
43.000000000000014 0.0
43.999999999999815 0.0
44.999999999999616 0.0
45.99999999999942 0.0
46.99999999999922 0.0
47.99999999999902 0.0
48.99999999999882 0.0
49.99999999999862 0.0
50.99999999999842 0.0
51.999999999998224 0.0
52.999999999998025 0.0
53.999999999997826 0.0
54.99999999999763 0.0
55.99999999999743 0.0
56.99999999999723 0.0
57.99999999999703 0.0
58.99999999999683 0.0
59.99999999999663 0.0
60.99999999999643 0.0
61.999999999996234 0.0
62.999999999996035 0.0
63.999999999995836 0.0
64.99999999999635 0.0
65.99999999999686 0.0
66.99999999999737 0.0
67.99999999999788 0.0
68.9999999999984 0.0
69.9999999999989 0.0
70.99999999999942 0.0
71.99999999999993 0.0
73.00000000000044 0.0
74.00000000000095 0.0
75.00000000000146 0.0
76.00000000000198 0.0
77.00000000000249 0.0
78.000000000003 0.0
79.00000000000351 0.0
80.00000000000402 0.0
81.00000000000453 0.0
82.00000000000504 0.0
83.00000000000556 0.0
84.00000000000607 0.0
85.00000000000658 0.0
86.00000000000709 0.0
87.0000000000076 0.0
88.00000000000811 0.0
89.00000000000863 0.0
90.00000000000914 0.0
91.00000000000965 0.0
92.00000000001016 0.0
93.00000000001067 0.0
94.00000000001118 0.0
95.0000000000117 0.0
96.00000000001221 0.0
97.00000000001272 0.0
98.00000000001323 0.0
99.00000000001374 0.0
