# Note: F(t) = N_up(t) + N_d(t)/N. See long membrane paper for details
# Time flip_parameter
0.0 1.0
1.0000000000000007 1.0
2.0000000000000013 1.0
2.99999999999998 1.0
3.9999999999999587 1.0
4.999999999999938 1.0
5.9999999999999165 1.0
6.999999999999895 1.0
7.999999999999874 1.0
8.999999999999853 1.0
9.999999999999831 0.9972222222222222
10.99999999999981 1.0
11.999999999999789 1.0
12.999999999999767 1.0
13.999999999999746 0.9972222222222222
14.999999999999725 0.9972222222222222
15.999999999999703 1.0
16.999999999999858 1.0
18.000000000000014 0.9972222222222222
19.00000000000017 0.9916666666666667
20.000000000000327 0.9944444444444445
21.000000000000483 0.9972222222222222
22.00000000000064 0.9944444444444445
23.000000000000796 0.9972222222222222
24.000000000000952 0.9944444444444445
25.00000000000111 0.9972222222222222
26.000000000001265 0.9972222222222222
27.00000000000142 0.9972222222222222
28.000000000001577 0.9972222222222222
29.000000000001734 0.9972222222222222
30.00000000000189 0.9972222222222222
31.000000000002046 0.9944444444444445
32.0000000000022 0.9972222222222222
33.000000000002004 0.9944444444444445
34.000000000001805 0.9972222222222222
35.000000000001606 0.9944444444444445
36.00000000000141 0.9944444444444445
37.00000000000121 0.9944444444444445
38.00000000000101 0.9944444444444445
39.00000000000081 0.9944444444444445
40.00000000000061 0.9944444444444445
41.00000000000041 0.9944444444444445
42.00000000000021 0.9944444444444445
43.000000000000014 0.9916666666666667
43.999999999999815 0.9916666666666667
44.999999999999616 0.9916666666666667
45.99999999999942 0.9888888888888889
46.99999999999922 0.9888888888888889
47.99999999999902 0.9916666666666667
48.99999999999882 0.9916666666666667
49.99999999999862 0.9916666666666667
50.99999999999842 0.9916666666666667
51.999999999998224 0.9916666666666667
52.999999999998025 0.9916666666666667
53.999999999997826 0.9888888888888889
54.99999999999763 0.9916666666666667
55.99999999999743 0.9861111111111112
56.99999999999723 0.9861111111111112
57.99999999999703 0.9916666666666667
58.99999999999683 0.9916666666666667
59.99999999999663 0.9916666666666667
60.99999999999643 0.9916666666666667
61.999999999996234 0.9916666666666667
62.999999999996035 0.9916666666666667
63.999999999995836 0.9916666666666667
64.99999999999635 0.9888888888888889
65.99999999999686 0.9916666666666667
66.99999999999737 0.9916666666666667
67.99999999999788 0.9916666666666667
68.9999999999984 0.9916666666666667
69.9999999999989 0.9916666666666667
70.99999999999942 0.9888888888888889
71.99999999999993 0.9916666666666667
73.00000000000044 0.9916666666666667
74.00000000000095 0.9916666666666667
75.00000000000146 0.9916666666666667
76.00000000000198 0.9916666666666667
77.00000000000249 0.9888888888888889
78.000000000003 0.9888888888888889
79.00000000000351 0.9833333333333333
80.00000000000402 0.9888888888888889
81.00000000000453 0.9861111111111112
82.00000000000504 0.9888888888888889
83.00000000000556 0.9888888888888889
84.00000000000607 0.9861111111111112
85.00000000000658 0.9888888888888889
86.00000000000709 0.9888888888888889
87.0000000000076 0.9888888888888889
88.00000000000811 0.9888888888888889
89.00000000000863 0.9861111111111112
90.00000000000914 0.9861111111111112
91.00000000000965 0.9888888888888889
92.00000000001016 0.9888888888888889
93.00000000001067 0.9888888888888889
94.00000000001118 0.9888888888888889
95.0000000000117 0.9888888888888889
96.00000000001221 0.9888888888888889
97.00000000001272 0.9888888888888889
98.00000000001323 0.9888888888888889
99.00000000001374 0.9888888888888889
