# S = 0.5*<3*(a_i.n)^2 -1>i
# where a_i is the orientation of the ith lipid and n is the average bilayer normal
# Time S
0.0 0.9522286829139769
1.0000000000000007 0.7590235767753117
2.0000000000000013 0.6852122322525689
2.99999999999998 0.6939425056332869
3.9999999999999587 0.7109708283644205
4.999999999999938 0.7101432735913716
5.9999999999999165 0.7248915303918684
6.999999999999895 0.7104043531972224
7.999999999999874 0.693478199576892
8.999999999999853 0.682474954867566
9.999999999999831 0.6690323156710871
10.99999999999981 0.6970211070391634
11.999999999999789 0.7306910559539866
12.999999999999767 0.694152095694396
13.999999999999746 0.6766695447049812
14.999999999999725 0.6639042064205195
15.999999999999703 0.6422985480945009
16.999999999999858 0.6538382585342721
18.000000000000014 0.6525651116590309
19.00000000000017 0.6638307688449663
20.000000000000327 0.66038588907597
21.000000000000483 0.6657937626402534
22.00000000000064 0.6588651885351041
23.000000000000796 0.6672884890802009
24.000000000000952 0.6533013300288838
25.00000000000111 0.6484028560346953
26.000000000001265 0.6554213163542332
27.00000000000142 0.6854832198664491
28.000000000001577 0.6670752123639334
29.000000000001734 0.6512482597405514
30.00000000000189 0.6767228487971148
31.000000000002046 0.6916643293688405
32.0000000000022 0.6944914490393198
33.000000000002004 0.6780365605304545
34.000000000001805 0.7132084444208746
35.000000000001606 0.6812586186847757
36.00000000000141 0.675851903935246
37.00000000000121 0.671376639111965
38.00000000000101 0.6635812939685529
39.00000000000081 0.6844776325033526
40.00000000000061 0.6600623053538285
41.00000000000041 0.660144968847636
42.00000000000021 0.668450029838726
43.000000000000014 0.6631849922844694
43.999999999999815 0.6831009367220833
44.999999999999616 0.6476062982025569
45.99999999999942 0.6864634163487751
46.99999999999922 0.67266250640407
47.99999999999902 0.6894243450350929
48.99999999999882 0.6481487590081393
49.99999999999862 0.6520870846145556
50.99999999999842 0.6721404812285618
51.999999999998224 0.6640659203691847
52.999999999998025 0.6799842131189084
53.999999999997826 0.684806326404754
54.99999999999763 0.6668605049552095
55.99999999999743 0.663647947352119
56.99999999999723 0.6208257158869891
57.99999999999703 0.6331309800624975
58.99999999999683 0.6473249491869976
59.99999999999663 0.6502694364515453
60.99999999999643 0.6870678936358047
61.999999999996234 0.6807965455721481
62.999999999996035 0.6661671817220108
63.999999999995836 0.6726739824235194
64.99999999999635 0.6181168179180744
65.99999999999686 0.6277445981746276
66.99999999999737 0.6295397085898099
67.99999999999788 0.6623225098195085
68.9999999999984 0.6643599955920823
69.9999999999989 0.6394286597543206
70.99999999999942 0.6433934525510681
71.99999999999993 0.6336521498704583
73.00000000000044 0.6440782119880241
74.00000000000095 0.6287988839498158
75.00000000000146 0.6834924167136375
76.00000000000198 0.661469754650618
77.00000000000249 0.6562094104736924
78.000000000003 0.6321821386390721
79.00000000000351 0.6445781756133068
80.00000000000402 0.6472988194802293
81.00000000000453 0.624405506042048
82.00000000000504 0.5944264312654847
83.00000000000556 0.6099067611531852
84.00000000000607 0.6007827050268015
85.00000000000658 0.6457174662895453
86.00000000000709 0.6459449821609866
87.0000000000076 0.64912843704148
88.00000000000811 0.6508922522699565
89.00000000000863 0.6199212194597932
90.00000000000914 0.6604073053239926
91.00000000000965 0.6710167789425733
92.00000000001016 0.6550456207232872
93.00000000001067 0.6499244653076431
94.00000000001118 0.6562323925399721
95.0000000000117 0.647726387703575
96.00000000001221 0.6489408564849066
97.00000000001272 0.6238733334289203
98.00000000001323 0.6346959363338952
99.00000000001374 0.6157445215418458
