# Components of the total pressure
# Time p_inst(NPT only) total ideal fene harmonic nonbonded 
0.0 0.0 -2.54666503339319 0.26462358247770085 -4.0737099729283015 1.4220383730397579 -0.15961701598234676  
1.0000000000000007 0.0 -0.07588751953567727 0.3424107281141816 -3.5267286870931485 1.417493885337283 1.6909365541060069  
2.0000000000000013 0.0 0.06049107359413347 0.35017077667833035 -3.5460448600108423 1.4171851850878452 1.8391799718388002  
2.99999999999998 0.0 -0.10393197359344156 0.35030385668888653 -3.5718244850160965 1.417887995372817 1.6997006593609514  
3.9999999999999587 0.0 -0.05791735549475849 0.3372683989539408 -3.544007412246986 1.4173593339759387 1.7314623238223479  
4.999999999999938 0.0 -0.05939929652849524 0.3519592836134328 -3.5374521892094677 1.4176055899000566 1.7084880191674832  
5.9999999999999165 0.0 -0.05402532218684275 0.34233420523220265 -3.5579575017719676 1.4173516764029133 1.744246297950009  
6.999999999999895 0.0 -0.1316078107145307 0.35709206470182214 -3.5593163980686713 1.4175849345314862 1.653031588120832  
7.999999999999874 0.0 -0.022964695349910483 0.33200711611071115 -3.5166378426980933 1.4169810295122771 1.7446850017251945  
8.999999999999853 0.0 0.07418517581224335 0.358916434315729 -3.528390433941343 1.4176621671432836 1.825997008294574  
9.999999999999831 0.0 -0.0019775030618749134 0.3579010235372848 -3.5521006097009287 1.4176207429481709 1.774601340153598  
10.99999999999981 0.0 -0.12628510995898595 0.3527653313771092 -3.5600271459079376 1.4175605673765355 1.6634161371953073  
11.999999999999789 0.0 -0.1122415694082611 0.35821396368839326 -3.5582092087223995 1.417456899352232 1.670296776273513  
12.999999999999767 0.0 0.08559179178829168 0.3419223612718114 -3.5332348871251256 1.4171170834083755 1.8597872342332304  
13.999999999999746 0.0 -0.08852752902817496 0.35389575052457883 -3.564665613167664 1.4174890666737316 1.7047532669411787  
14.999999999999725 0.0 -0.0853449645784233 0.35394213530156765 -3.564752182310433 1.4178723863025708 1.7075926961278711  
15.999999999999703 0.0 -0.0689755794139292 0.3633842061948241 -3.5487392036255083 1.4178108658269737 1.698568552189781  
16.999999999999858 0.0 -0.0634974813424771 0.35652751386170795 -3.563596858101807 1.417553653585488 1.7260182093121337  
18.000000000000014 0.0 -0.2793102967200461 0.3535680885453939 -3.5999744111717695 1.4183785138549048 1.548717512051425  
19.00000000000017 0.0 -0.06506814343918665 0.35381790942406705 -3.559297176288382 1.4182830459563724 1.722128077468756  
20.000000000000327 0.0 -0.11164299584219509 0.35877678986482336 -3.5642990797084275 1.4177792519058985 1.6761000420955101  
21.000000000000483 0.0 -0.04378267704641586 0.35086709642294794 -3.5586808078464296 1.4177284554718326 1.746302578905233  
22.00000000000064 0.0 -0.2515104666970044 0.36032129325805384 -3.592871237957771 1.4179646527110177 1.5630748252916953  
23.000000000000796 0.0 0.02013626665248705 0.34366536395467095 -3.5356465416674596 1.4177888833033996 1.794328561061876  
24.000000000000952 0.0 -0.0965201320248198 0.34776514981970985 -3.579681057762148 1.4179635602193599 1.7174322156982584  
25.00000000000111 0.0 0.11027924312585521 0.35278386663019173 -3.518272818364007 1.4173386823562315 1.8584295125034387  
26.000000000001265 0.0 0.022162266000756853 0.35208693852334644 -3.532199652879882 1.417434038987258 1.7848409413700344  
27.00000000000142 0.0 -0.13525021812043458 0.34205096782626415 -3.55247738820615 1.4177412916511591 1.6574349106082922  
28.000000000001577 0.0 -0.04293662996313874 0.3478455298487285 -3.5484817895240908 1.4180170645122627 1.739682565199961  
29.000000000001734 0.0 0.05330767481332502 0.35390383107585377 -3.533024102864501 1.4176235388865712 1.814804407715401  
30.00000000000189 0.0 -0.07049278886022178 0.34071250858392327 -3.5348507077696762 1.4176209740960137 1.7060244362295174  
31.000000000002046 0.0 -0.1586353544550075 0.33912865784332713 -3.5556046217306068 1.4175795039550363 1.640261105477236  
32.0000000000022 0.0 -0.09012686727440038 0.3379299019685552 -3.5416322341750326 1.4179019356301896 1.6956735293018874  
33.000000000002004 0.0 0.11187560034987754 0.3304396068269255 -3.512768034541273 1.417174875660273 1.8770291524039524  
34.000000000001805 0.0 -0.057606666284884256 0.3306268873831277 -3.548588868511955 1.4180230346424456 1.7423322802014973  
35.000000000001606 0.0 -0.06513955607585609 0.3625385203949858 -3.546544226039058 1.4174526328053167 1.7014135167628992  
36.00000000000141 0.0 -0.011095008834635711 0.3308562207545528 -3.5701552912847614 1.417513852300966 1.8106902093946071  
37.00000000000121 0.0 -0.05949892622930977 0.35294797392334376 -3.5575452816680406 1.4175681384846195 1.7275302430307675  
38.00000000000101 0.0 -0.020799048411868887 0.3748200077336509 -3.5434599029652354 1.4177403694745947 1.7301004773451207  
39.00000000000081 0.0 0.019046497231708814 0.34848745373893936 -3.5503216083808455 1.4174442309352322 1.8034364209383829  
40.00000000000061 0.0 -0.10824135782888059 0.3586862925846822 -3.5628660808300836 1.417817709302676 1.6781207211138447  
41.00000000000041 0.0 -0.027131375346008763 0.34992179886604957 -3.5355117037558927 1.4179734938375483 1.7404850357062858  
42.00000000000021 0.0 -0.23776522800035893 0.3407124335729417 -3.5862272974488203 1.4181855682080657 1.5895640676674538  
43.000000000000014 0.0 0.058657256678591396 0.3551384867268007 -3.521483683181029 1.4173634553666854 1.8076389977661342  
43.999999999999815 0.0 0.06687214548787138 0.3330685122828681 -3.543458020372917 1.4172199601279356 1.8600416934499846  
44.999999999999616 0.0 -0.21282068927018177 0.3468065695217255 -3.5912789366614164 1.417930595992234 1.6137210818772751  
45.99999999999942 0.0 -0.018408735404482013 0.34611440495816664 -3.565344764976005 1.4175671097793376 1.7832545148340182  
46.99999999999922 0.0 0.166880313535959 0.3580953479548645 -3.516607245856264 1.4172341648098965 1.9081580466274617  
47.99999999999902 0.0 -0.1771491392801148 0.35409374621999645 -3.5951278035604246 1.417995464196518 1.6458894538637954  
48.99999999999882 0.0 -0.0715633630901943 0.364006782554838 -3.540104308622197 1.4172872862552177 1.687246876721947  
49.99999999999862 0.0 0.011193259025859825 0.3516225054937574 -3.548381284936268 1.4181596413228674 1.789792397145503  
50.99999999999842 0.0 -0.017879524592763013 0.3571877124775645 -3.516455015922464 1.417331008298338 1.7240567705537984  
51.999999999998224 0.0 -0.1350629125524703 0.3517459420631313 -3.5595995794446993 1.4174846327327781 1.6553060920963196  
52.999999999998025 0.0 -0.006893182930613334 0.3491941233349218 -3.55086078858678 1.417844828882904 1.776928653438341  
53.999999999997826 0.0 -0.12366352273580794 0.3606668597319919 -3.577050161139189 1.4176911476208578 1.6750286310505311  
54.99999999999763 0.0 -0.005281108798574574 0.35406888385798224 -3.547277693721818 1.4171417867392928 1.7707859143259683  
55.99999999999743 0.0 -0.04821354689367524 0.36782085076748144 -3.559263820836337 1.4176765205311148 1.7255529026440657  
56.99999999999723 0.0 -0.05724447602854926 0.3390667023414279 -3.5470247563990265 1.4174554373377606 1.7332581406912888  
57.99999999999703 0.0 -0.08159960440485639 0.3422687886569422 -3.5478945731216593 1.4176554309012748 1.7063707491585862  
58.99999999999683 0.0 0.07485100138310632 0.3524243358190227 -3.522970021040464 1.4173532466732721 1.8280434399312753  
59.99999999999663 0.0 -0.11336870671460206 0.3463477661955208 -3.5803892083346476 1.4179227188873855 1.702750016537139  
60.99999999999643 0.0 -0.07080144545869824 0.3608766076261 -3.536460661326081 1.417616818595909 1.6871657896453738  
61.999999999996234 0.0 -0.24744220664356187 0.3415530470463405 -3.5705738386857004 1.4173986642259258 1.5641799207698726  
62.999999999996035 0.0 -0.007885980384077673 0.34364788036872684 -3.5825282089898396 1.4177422409343368 1.813252107302698  
63.999999999995836 0.0 -0.05438668802707816 0.3650553452714516 -3.5541100931115324 1.4178037128415057 1.7168643469714966  
64.99999999999635 0.0 -0.10276716569540068 0.34394396365263635 -3.583807040526712 1.4179419587315707 1.7191539524471042  
65.99999999999686 0.0 0.11998480827778929 0.34262080465293426 -3.5460593805601985 1.4176223878819685 1.905800996303085  
66.99999999999737 0.0 -0.08862165570214663 0.35243069978332825 -3.5674550594844336 1.417441418900694 1.708961285098265  
67.99999999999788 0.0 0.0815377142761396 0.3627552263739892 -3.526769701979961 1.4168941071332588 1.8286580827488526  
68.9999999999984 0.0 -0.06075366784383161 0.37658413122398476 -3.559528381047358 1.4172081941884282 1.7049823877911132  
69.9999999999989 0.0 0.0028618420801923006 0.367777671392832 -3.576788697048561 1.4176739048849154 1.7941989628510062  
70.99999999999942 0.0 0.1272606648212062 0.3567717638636484 -3.5263189632779413 1.4176259048941722 1.879181959341327  
71.99999999999993 0.0 -0.18010911584943645 0.3505758773521088 -3.568721173213002 1.4178809562418686 1.6201552237695882  
73.00000000000044 0.0 -0.1402890549363749 0.33967572113879624 -3.591033903656905 1.4182275362775243 1.692841591304209  
74.00000000000095 0.0 -0.0025049397633657156 0.33782904137512226 -3.5333125858618524 1.4176272390388651 1.7753513656844995  
75.00000000000146 0.0 -0.14186058320196032 0.3593933366136504 -3.554628916795722 1.4173232468316312 1.63605175014848  
76.00000000000198 0.0 0.08772192607263105 0.3562460141273583 -3.531658150236726 1.416997072505505 1.8461369896764934  
77.00000000000249 0.0 0.16805482245967848 0.3522222852013246 -3.5421629123842844 1.4173250114720877 1.9406704381705508  
78.000000000003 0.0 -0.08735949233040671 0.3412282885197956 -3.5214472075809358 1.4180896816544577 1.6747697450762755  
79.00000000000351 0.0 -0.06045639988732045 0.342177370852044 -3.5359984807494547 1.4175843899141964 1.7157803200958937  
80.00000000000402 0.0 -0.11166127530306749 0.3430820631303707 -3.5530056720769605 1.4176074523357929 1.6806548813077293  
81.00000000000453 0.0 -0.07872884934016336 0.3515555452888457 -3.56805295094927 1.4181015294884596 1.719667026831802  
82.00000000000504 0.0 0.014289748748519973 0.3494158739975407 -3.5519454914478574 1.4172092318919212 1.7996101343069157  
83.00000000000556 0.0 -0.13357194320164187 0.34827657748687374 -3.565815407572461 1.4177085144190356 1.6662583724649098  
84.00000000000607 0.0 0.0018128299566088912 0.34126766399396163 -3.526919403323378 1.4172541272942372 1.770210441991788  
85.00000000000658 0.0 -0.175743793737264 0.3476456954758536 -3.601436351755625 1.4180112405775185 1.6600356219649888  
86.00000000000709 0.0 -0.12675121247395243 0.3589466784431745 -3.57917841181238 1.417538957286331 1.6759415636089219  
87.0000000000076 0.0 0.08438479248762967 0.3590583497025473 -3.5385917886259612 1.4174323812915364 1.8464858501195074  
88.00000000000811 0.0 -0.12209328703312794 0.347296228343593 -3.5510070592394647 1.41774782304178 1.6638697208209638  
89.00000000000863 0.0 -0.15745643011324204 0.34800642501907725 -3.5795182682707574 1.4174265932967371 1.6566288198417012  
90.00000000000914 0.0 0.025879954046882897 0.3442863210683434 -3.5360487041041906 1.417456142830723 1.800186194252007  
91.00000000000965 0.0 -0.06516396574493427 0.35474633463217287 -3.5530860817968604 1.4179062881883329 1.71526949323142  
92.00000000001016 0.0 -0.06259287495586377 0.35074478074434834 -3.556382469920635 1.417356154459573 1.7256886597608498  
93.00000000001067 0.0 0.08676017957554158 0.35687704912780416 -3.526717974884913 1.4173661883904387 1.8392349169422115  
94.00000000001118 0.0 0.17136746166484926 0.3471256336944672 -3.500578124632915 1.4170741156341986 1.9077458369690985  
95.0000000000117 0.0 -0.001065275178911529 0.34100498862553713 -3.561993855413595 1.4176790135446276 1.8022445780645184  
96.00000000001221 0.0 0.010856751726837699 0.3622376627745815 -3.557011388609929 1.417518801105475 1.7881116764567104  
97.00000000001272 0.0 -0.13894199904282503 0.35867135655036303 -3.583648496861903 1.4178396005129532 1.6681955407557614  
98.00000000001323 0.0 -0.15445758241982618 0.34382271421738425 -3.5605890982408437 1.4177288482643426 1.6445799533392906  
99.00000000001374 0.0 -0.150462436467011 0.34202662158406894 -3.5518740018242014 1.417759362446523 1.6416255813265985  
