# Time boxx boxy boxz
0.0 15.0 15.0 15.0
1.0000000000000007 15.0 15.0 15.0
2.0000000000000013 15.0 15.0 15.0
2.99999999999998 15.0 15.0 15.0
3.9999999999999587 15.0 15.0 15.0
4.999999999999938 15.0 15.0 15.0
5.9999999999999165 15.0 15.0 15.0
6.999999999999895 15.0 15.0 15.0
7.999999999999874 15.0 15.0 15.0
8.999999999999853 15.0 15.0 15.0
9.999999999999831 15.0 15.0 15.0
10.99999999999981 15.0 15.0 15.0
11.999999999999789 15.0 15.0 15.0
12.999999999999767 15.0 15.0 15.0
13.999999999999746 15.0 15.0 15.0
14.999999999999725 15.0 15.0 15.0
15.999999999999703 15.0 15.0 15.0
16.999999999999858 15.0 15.0 15.0
18.000000000000014 15.0 15.0 15.0
19.00000000000017 15.0 15.0 15.0
20.000000000000327 15.0 15.0 15.0
21.000000000000483 15.0 15.0 15.0
22.00000000000064 15.0 15.0 15.0
23.000000000000796 15.0 15.0 15.0
24.000000000000952 15.0 15.0 15.0
25.00000000000111 15.0 15.0 15.0
26.000000000001265 15.0 15.0 15.0
27.00000000000142 15.0 15.0 15.0
28.000000000001577 15.0 15.0 15.0
29.000000000001734 15.0 15.0 15.0
30.00000000000189 15.0 15.0 15.0
31.000000000002046 15.0 15.0 15.0
32.0000000000022 15.0 15.0 15.0
33.000000000002004 15.0 15.0 15.0
34.000000000001805 15.0 15.0 15.0
35.000000000001606 15.0 15.0 15.0
36.00000000000141 15.0 15.0 15.0
37.00000000000121 15.0 15.0 15.0
38.00000000000101 15.0 15.0 15.0
39.00000000000081 15.0 15.0 15.0
40.00000000000061 15.0 15.0 15.0
41.00000000000041 15.0 15.0 15.0
42.00000000000021 15.0 15.0 15.0
43.000000000000014 15.0 15.0 15.0
43.999999999999815 15.0 15.0 15.0
44.999999999999616 15.0 15.0 15.0
45.99999999999942 15.0 15.0 15.0
46.99999999999922 15.0 15.0 15.0
47.99999999999902 15.0 15.0 15.0
48.99999999999882 15.0 15.0 15.0
49.99999999999862 15.0 15.0 15.0
50.99999999999842 15.0 15.0 15.0
51.999999999998224 15.0 15.0 15.0
52.999999999998025 15.0 15.0 15.0
53.999999999997826 15.0 15.0 15.0
54.99999999999763 15.0 15.0 15.0
55.99999999999743 15.0 15.0 15.0
56.99999999999723 15.0 15.0 15.0
57.99999999999703 15.0 15.0 15.0
58.99999999999683 15.0 15.0 15.0
59.99999999999663 15.0 15.0 15.0
60.99999999999643 15.0 15.0 15.0
61.999999999996234 15.0 15.0 15.0
62.999999999996035 15.0 15.0 15.0
63.999999999995836 15.0 15.0 15.0
64.99999999999635 15.0 15.0 15.0
65.99999999999686 15.0 15.0 15.0
66.99999999999737 15.0 15.0 15.0
67.99999999999788 15.0 15.0 15.0
68.9999999999984 15.0 15.0 15.0
69.9999999999989 15.0 15.0 15.0
70.99999999999942 15.0 15.0 15.0
71.99999999999993 15.0 15.0 15.0
73.00000000000044 15.0 15.0 15.0
74.00000000000095 15.0 15.0 15.0
75.00000000000146 15.0 15.0 15.0
76.00000000000198 15.0 15.0 15.0
77.00000000000249 15.0 15.0 15.0
78.000000000003 15.0 15.0 15.0
79.00000000000351 15.0 15.0 15.0
80.00000000000402 15.0 15.0 15.0
81.00000000000453 15.0 15.0 15.0
82.00000000000504 15.0 15.0 15.0
83.00000000000556 15.0 15.0 15.0
84.00000000000607 15.0 15.0 15.0
85.00000000000658 15.0 15.0 15.0
86.00000000000709 15.0 15.0 15.0
87.0000000000076 15.0 15.0 15.0
88.00000000000811 15.0 15.0 15.0
89.00000000000863 15.0 15.0 15.0
90.00000000000914 15.0 15.0 15.0
91.00000000000965 15.0 15.0 15.0
92.00000000001016 15.0 15.0 15.0
93.00000000001067 15.0 15.0 15.0
94.00000000001118 15.0 15.0 15.0
95.0000000000117 15.0 15.0 15.0
96.00000000001221 15.0 15.0 15.0
97.00000000001272 15.0 15.0 15.0
98.00000000001323 15.0 15.0 15.0
99.00000000001374 15.0 15.0 15.0
