# Components of the energy 
# Time total_en fene_en kinetic_en harmonic_en nonbonded_en 0 0 nonbonded 0 1 nonbonded 0 2 nonbonded 1 1 nonbonded 1 2 nonbonded 2 2 nonbonded
0.0 18527.743748161596 14923.05341055928 3158.1546808927224 7083.2557309359845 -6636.7200742263885 98.18694373993345 47.02745001508465 0.0 -1424.394303766247 -2718.5493215341066 -2638.9908426810534
1.0000000000000007 18511.323977072727 13328.197070971926 3460.3989466679973 7894.276932761796 -6171.548973328997 67.80006439676728 500.69997929280237 0.5477396910824546 -1409.6395866937646 -2833.1044203477727 -2497.8527496681118
2.0000000000000013 18505.066797253257 13384.825886517634 3473.985873586718 7907.3601812563975 -6261.1051441074915 82.25841719035223 479.2085475100562 2.1767336330910796 -1415.5878343348834 -2970.6140434785557 -2438.546964627552
2.99999999999998 18559.73678916049 13462.234007549065 3559.455183526199 7842.9320238503715 -6304.884425765143 63.18460742495012 452.2864941321233 4.596217608848177 -1411.5164802754045 -2930.7773736699846 -2482.6578909856753
3.9999999999999587 18468.265985605394 13379.060101298688 3442.040364199945 7904.491744341819 -6257.3262242350565 64.06508243711129 480.1239390911514 4.889026872646385 -1424.4383993358324 -2922.7097940236627 -2459.2560792764707
4.999999999999938 18551.086822215548 13360.974278094567 3513.2501807034478 7866.561193348635 -6189.698829931107 54.39191448404209 476.5772274518942 2.9101326348439565 -1383.7869830262212 -2902.7583148982203 -2437.032806577446
5.9999999999999165 18638.489110220118 13420.173853459373 3541.025688903328 7882.078665012368 -6204.789097154952 59.943920736476 468.205328343641 5.848040393083767 -1415.728842886858 -2953.9901800634834 -2369.0673636778115
6.999999999999895 18708.795037104497 13424.01332525273 3621.695970447735 7870.095647457804 -6207.009906053772 52.92774124986914 461.9475356401749 2.9762912555030403 -1406.1893897081723 -2882.6942903994304 -2435.977794091717
7.999999999999874 18636.823358640842 13303.381089724344 3549.559344612032 7926.398238599128 -6142.515314294663 52.736181619392084 527.5629179108455 8.2873595558459 -1418.9060053340795 -2887.835962689439 -2424.3598053572277
8.999999999999853 18680.097917493502 13339.44111570812 3619.499826700302 7879.347837148661 -6158.19086206358 54.95469496996147 507.2650358151344 11.484797653516482 -1412.053553117457 -2929.122975750222 -2390.7188616345134
9.999999999999831 18749.062522591914 13400.957908223849 3619.121832051691 7859.578037148165 -6130.595254831789 59.44005794049516 508.94688486421387 7.497310767170002 -1403.892027070483 -2921.564136330843 -2381.0233450023425
10.99999999999981 18696.632237347796 13422.895517492609 3599.4899615463887 7870.427874516902 -6196.181116208103 55.04137579260308 504.6378185173645 4.096986750375575 -1401.4886904482153 -2932.7270578054554 -2425.7415490147755
11.999999999999789 18689.857538591077 13422.028104258916 3594.615532170044 7877.820580312498 -6204.6066781503805 69.95194140447074 432.77830351230506 7.342079335889871 -1427.8899459044308 -2853.6349114615705 -2433.154145037045
12.999999999999767 18650.569717267434 13348.027704392885 3533.3623275253954 7908.545212466171 -6139.365527117021 50.94966850773494 514.8803040150693 8.260907644109839 -1420.1414745809707 -2879.9806948995824 -2413.3342378033817
13.999999999999746 18688.126632422027 13438.411835496738 3611.3775080613373 7865.566996076221 -6227.229707212264 68.47313099399749 500.14265923833045 10.633440229455106 -1418.8682147436004 -2947.3898390681165 -2440.22088386233
14.999999999999725 18699.546098367722 13441.716563497981 3603.6146878384207 7841.637777754806 -6187.4229307234855 57.95756398727444 476.2584760112013 21.07747482191413 -1413.0349077166218 -2900.6873595812876 -2428.994178245966
15.999999999999703 18713.539432216166 13399.03673629768 3632.5523727861396 7871.815387490876 -6189.865064358528 56.886629203939954 461.9993097881319 15.601967815978863 -1398.0998683441496 -2899.77804781788 -2426.4750550045483
16.999999999999858 18673.406120643765 13429.311246225838 3568.5757410204988 7860.2184650371055 -6184.699331639678 50.35525172818882 471.1340442700134 9.422466479782273 -1432.212379112414 -2903.1797265074106 -2380.2189884978384
18.000000000000014 18678.548715629622 13540.527322312635 3620.3441844176436 7799.818764095473 -6282.141555196131 62.73070916610335 443.8981126867125 3.41014216722425 -1442.1631638191338 -2922.7197400646082 -2427.2976153324294
19.00000000000017 18589.20364988793 13428.630698151446 3559.6005046881146 7825.190876256284 -6224.21842920792 60.47104021604796 465.53241568119535 6.250209269018782 -1387.371511111281 -2943.1292989566405 -2425.9712843062603
20.000000000000327 18580.16040253397 13441.657334512656 3509.07382886651 7860.713237151601 -6231.283997996798 62.0002824203722 453.2226647931267 10.319699457293074 -1421.3420935278173 -2912.4225821736445 -2423.061968966127
21.000000000000483 18691.579714621228 13425.754217068317 3592.6667129224656 7869.781438609292 -6196.622653978849 53.85149613123377 479.562825301486 14.957664338513027 -1424.063205656659 -2904.667770111854 -2416.2636639815682
22.00000000000064 18664.504732800993 13520.991265984354 3645.6063135285626 7819.503406462817 -6321.596253174737 55.0650029270029 448.9269177586865 9.819760908007808 -1416.9661871766968 -2962.015702925948 -2456.426044665789
23.000000000000796 18608.910672132235 13358.436312104539 3573.177796636449 7862.418674244314 -6185.122110853067 54.92335390180347 491.9926915015461 7.045703959063861 -1404.6282170560173 -2932.532825059798 -2401.922818099665
24.000000000000952 18727.67140157048 13475.522646351124 3608.560362430668 7842.248440854721 -6198.660048066031 60.48999900685628 474.25120097167866 9.541294937509393 -1405.060509751892 -2909.2440719936444 -2428.6379612365395
25.00000000000111 18537.091127378113 13312.15494704843 3523.1423279484707 7908.304708154593 -6206.510855773382 77.76407122960572 484.81771044916945 10.65789927518053 -1422.0641953422935 -2922.6138814287447 -2435.072459956299
26.000000000001265 18505.42062655211 13349.130106388975 3469.517384883976 7900.887235622117 -6214.11410034296 65.61173272047974 505.41705426075487 3.2868226543727435 -1431.995785925804 -2928.468242151479 -2427.965681901285
27.00000000000142 18652.956855577224 13403.792315438286 3530.0434771348687 7870.2642626252655 -6151.143199621196 60.89688456272559 482.01910420120146 11.206810533118666 -1397.0967981316205 -2897.945707387706 -2410.2234933989143
28.000000000001577 18637.569772370138 13398.036050552933 3565.3827465060585 7856.492197680365 -6182.341222369223 57.774521703154655 468.141675635734 5.721239392108169 -1397.5221739570595 -2893.5017281092796 -2422.954757033881
29.000000000001734 18577.36607431125 13351.315050896044 3537.9455508221495 7884.111786515172 -6196.006313922116 52.58459019095965 509.17981685832274 10.086545396928793 -1427.2491805030968 -2918.8005431946735 -2421.8075426705564
30.00000000000189 18528.223795813046 13356.396993487848 3461.000055261169 7885.650367019044 -6174.823619955016 60.32477929606742 523.1649099526305 6.394614930550464 -1420.082441062049 -2915.2193996858123 -2429.4060833864028
31.000000000002046 18523.614576745487 13411.893438336372 3417.9199419678257 7875.474444711087 -6181.673248269799 66.5393920324134 441.5713861492498 9.127921119583316 -1408.5293510182128 -2859.8663071358437 -2430.516289416989
32.0000000000022 18503.054264559727 13373.858255231718 3481.6454020280735 7873.61430218264 -6226.0636948827 43.93484688875962 479.8500444960181 4.987306775497656 -1430.641442262988 -2880.742848106364 -2443.4516026736233
33.000000000002004 18556.190744902928 13290.941836931073 3495.916994444354 7909.87800213242 -6140.546088604918 51.95594323607573 467.5656554696797 11.515883524116992 -1418.4574559317261 -2828.6263852733164 -2424.499729629748
34.000000000001805 18494.249634258835 13394.482972870295 3407.9968674415945 7852.378368186781 -6160.608574239831 58.08600948496628 482.9373190992183 17.052044547720765 -1409.2574170477583 -2894.5404107077184 -2414.8861196162597
35.000000000001606 18570.38536154523 13392.136643199114 3596.4128811008145 7883.988482418302 -6302.152645173 58.63180413250072 475.6561438808309 6.028504867841061 -1439.846778764368 -3001.455387227089 -2401.166932062715
36.00000000000141 18688.539125890347 13451.540792768372 3509.7043906244294 7879.268566081021 -6151.974623583474 69.53841969245853 498.668945668368 13.676587467686382 -1407.7054270071892 -2915.782117358192 -2410.3710320466057
37.00000000000121 18568.076854578765 13421.134523156903 3524.7002715035787 7879.146099840208 -6256.904039921927 78.31489410330083 477.6031293196133 4.027595485949089 -1427.4176245344331 -2955.8593609241298 -2433.572673372227
38.00000000000101 18668.55381715314 13384.132373642746 3626.8193096624527 7869.9106474829505 -6212.308513635002 58.02375603791549 432.79299102653886 7.248054921384206 -1413.3801010627017 -2892.5868100496027 -2404.4064045085356
39.00000000000081 18604.407660212877 13397.684247161185 3486.074040282609 7889.669080119905 -6169.0197073508225 55.43271591561108 489.1779991071357 14.432793475507522 -1408.1740384963753 -2959.7120053346503 -2360.1771720180514
40.00000000000061 18771.16828052199 13434.1078136593 3633.061968018747 7873.020761099209 -6169.022262255263 70.68366885126468 482.4361895273322 12.479398651435735 -1399.6264736453404 -2931.370812974454 -2403.6242326655015
41.00000000000041 18572.68285648407 13360.828499606801 3583.788345013328 7866.82219777637 -6238.75618591243 58.043967316201815 467.70749494930146 9.33845532349225 -1414.173208662199 -2938.329842913854 -2421.3430519253725
42.00000000000021 18519.063316842166 13503.73671509669 3478.513893143105 7815.637826396346 -6278.825117793975 69.6407682135675 446.4983658436111 13.053979703484966 -1395.2385126359293 -2963.7170861654085 -2449.0626327533005
43.000000000000014 18650.89267985045 13318.766791837681 3577.7368572200726 7914.05211449338 -6159.663083700685 40.3180060012684 509.6611787952206 18.296335909737397 -1431.7634033246397 -2887.6470508026873 -2408.5281502795838
43.999999999999815 18662.660028676444 13372.874293072557 3459.3445881489843 7913.479659423016 -6083.038511968107 64.64834247069858 493.31410668911235 7.885894970682397 -1429.3831785220984 -2823.30111690814 -2396.202560668362
44.999999999999616 18577.577998501376 13512.405222422036 3482.8872105741184 7826.999251322977 -6244.713685817756 53.724077059298295 439.56669563485127 10.149509511871672 -1410.025341110243 -2885.8367167121387 -2452.291910201396
45.99999999999942 18595.27997620228 13442.957640933539 3497.5949102786826 7871.666770944056 -6216.939345953999 62.795355292329965 468.5961997906509 12.209213605445802 -1424.4446527918738 -2925.8901892223525 -2410.2052726281986
46.99999999999922 18662.30418165915 13298.653527874492 3577.9970425659208 7922.8801508844135 -6137.226539665669 55.10824758863777 519.3958367388656 10.67571583551071 -1423.8462513356833 -2909.854337748601 -2388.705750744399
47.99999999999902 18808.079366370774 13523.834164893893 3640.8340541218918 7813.701568646763 -6170.290421291775 61.453262526468734 450.41324836481243 12.149946895010885 -1396.9571309024475 -2913.106166765915 -2384.243581409704
48.99999999999882 18693.144690428435 13374.041774351848 3580.4522824791884 7898.19309281079 -6159.542459213392 44.05635837867773 487.67535747426115 13.391470246551094 -1424.349587199819 -2887.7775464563993 -2392.538511656664
49.99999999999862 18628.269863166614 13397.306634283144 3533.5334522567214 7837.834317864052 -6140.404541237296 52.9207309565662 485.67244422183404 8.787124489037422 -1407.0543647984482 -2894.7713205832397 -2385.959155523046
50.99999999999842 18594.15992633377 13306.943362803564 3591.5505468978204 7903.1070332338495 -6207.441016601466 52.777691252239094 452.072758241619 7.2731126129821835 -1438.833004422403 -2854.041563635173 -2426.69001065073
51.999999999998224 18549.655878984613 13423.895951948021 3517.1218161588713 7868.266151628077 -6259.6280407503555 61.86871880742042 443.5603970346883 7.660519713207839 -1422.128897728259 -2912.0523464854587 -2438.5364320919543
52.999999999998025 18594.70371869436 13398.46986282045 3534.2921586703824 7863.476634314065 -6201.534937110542 70.81426862172837 482.839790254077 6.823683495464271 -1425.6616720900718 -2929.126629507647 -2407.2243778840934
53.999999999997826 18745.37983570596 13471.272479068388 3639.5882655273263 7847.205864844846 -6212.686773734606 72.2452774715318 465.2816765210289 8.18562759205637 -1398.668002961168 -2917.0566216599664 -2442.6747306980883
54.99999999999763 18826.21010975178 13391.810228401351 3692.54164460863 7912.914812099801 -6171.056575358004 54.821747590041625 459.92001233320775 9.478398522659337 -1403.565790640158 -2899.592508389304 -2392.1184347744506
55.99999999999743 18675.810622158526 13421.06348071208 3612.6389067401906 7859.164482216063 -6217.056247509806 68.79400393059791 485.73991750696297 10.011522131607261 -1416.3980099198654 -2949.7024721640487 -2415.5012089950596
56.99999999999723 18429.345267347464 13388.944546532823 3392.611652990238 7883.608850121874 -6235.8197822974735 54.167205477370786 455.70382125843963 10.83213176104146 -1424.2540034045132 -2908.853184612131 -2423.415752777681
57.99999999999703 18610.62676800056 13393.039972861692 3546.8056620871134 7872.191042587967 -6201.409909536211 62.749802561699106 457.89301201726204 9.823534497501857 -1409.3121184659342 -2904.152004593928 -2418.4121355528123
58.99999999999683 18622.070886933852 13319.428540202856 3610.483880465459 7900.475863642363 -6208.317397376826 53.60647675824908 518.9783452985199 7.229777462828597 -1417.2100335519028 -2963.4379930229907 -2407.4839703215303
59.99999999999663 18685.26319920276 13483.486778193215 3601.5765191414193 7841.376099058412 -6241.176197190289 63.08412116460533 499.9510453768898 7.612951220729918 -1433.8803048494276 -2964.1389673610192 -2413.805042742067
60.99999999999643 18631.933358160142 13361.143950127838 3586.455790537807 7878.640457510946 -6194.306840016455 65.25844359531003 468.7446563157764 11.530911210831858 -1417.1699186084813 -2896.981743887621 -2425.6891886422704
61.999999999996234 18565.34913265848 13456.626485009414 3453.0897144240053 7878.595289323699 -6222.962356098642 50.892056195093375 475.6546749599963 14.11085445412971 -1415.7607042703494 -2923.8883036275665 -2423.970933809946
62.999999999996035 18715.501837006363 13488.282112361776 3580.908355905576 7833.377492481108 -6187.066123742095 56.78637492124348 461.9777699566267 14.38358380755911 -1406.7366916270223 -2918.602996337678 -2394.874164462824
63.999999999995836 18637.153908162854 13415.039034570958 3569.8717756190695 7869.48924628557 -6217.246148312744 58.55105238751761 456.9823411322717 15.012684980467007 -1407.7112111276451 -2955.453232557104 -2384.627783128251
64.99999999999635 18602.62415428143 13493.521745850272 3499.3344036728754 7840.850836505898 -6231.082831747614 47.54420190162817 496.112889574238 8.325224807096857 -1397.6318310908257 -2975.6125414631692 -2409.8207754765826
65.99999999999686 18678.401712952826 13384.156797299323 3513.869964393941 7873.879509955224 -6093.504558695671 62.67468723922067 472.26444339513733 18.536811070869074 -1413.297636547617 -2854.9941083273056 -2378.688755525975
66.99999999999737 18784.96252844802 13449.786011218937 3579.286714291262 7889.567543231359 -6133.677740293535 46.84307091758891 475.73609160252687 12.09727322382412 -1397.2656608486645 -2903.3053588204734 -2367.783156368337
67.99999999999788 18767.777281537514 13327.869416992715 3632.6367213701046 7929.417476353321 -6122.146333178629 60.62017354650354 486.9438938975788 9.207202421195873 -1426.18595698052 -2868.1398364650036 -2384.5918095983843
68.9999999999984 18912.89394879979 13421.82447126708 3695.0858788393853 7898.247343376966 -6102.263744683648 69.44767700216136 487.7240491722764 8.404719355536345 -1410.798794979922 -2866.317605786517 -2390.7237894471828
69.9999999999989 18820.654211567075 13473.492836936717 3631.3805833337797 7859.1586485111375 -6143.377857214559 50.82165969173066 467.20149464190143 12.923779374807989 -1386.5283191715143 -2908.7650299229103 -2379.0314418285748
70.99999999999942 18805.8296073682 13329.343413011362 3642.278834093529 7897.216504006233 -6063.0091437429255 55.46681168806342 537.3563765283535 12.792117335404845 -1410.1386974600828 -2857.9264436836766 -2400.5593081509874
71.99999999999993 18708.128499476403 13450.432624747944 3565.6834759913518 7855.311630865021 -6163.299232127911 46.974066585762486 470.069684806643 10.847044003938539 -1407.7528999895176 -2875.750853475937 -2407.6862740587994
73.00000000000044 18524.503222140112 13512.578039805034 3449.1922350618584 7810.420668888332 -6247.687721615114 80.92586220829115 462.92816744794476 5.673731784720033 -1394.8696425657154 -2959.2397041242075 -2443.1061363661474
74.00000000000095 18587.114037136795 13356.151166083746 3461.4838805876852 7886.51075610289 -6117.031765637525 63.87939927731278 472.20889852300087 17.703528497295803 -1402.3132297060442 -2876.844859980566 -2391.6655022485234
75.00000000000146 18634.62595714058 13410.998459739525 3581.465493034245 7886.327208812754 -6244.165204445944 60.795465097241475 478.58516149685926 9.451564440099526 -1416.8362632250387 -2933.7086241390602 -2442.452508116046
76.00000000000198 18675.644565653616 13349.4964158769 3600.0791489106514 7938.822457074217 -6212.753456208153 46.073529077833626 491.0933876204589 14.736892107647167 -1430.7574510970953 -2931.749845480385 -2402.1499684366117
77.00000000000249 18658.88377602703 13375.388427238988 3549.265943453113 7900.631018699835 -6166.401613364909 69.92438655508514 509.27116732400054 13.85185983864194 -1417.4788354901586 -2936.3955545068684 -2405.5746370856104
78.000000000003 18484.25042118059 13320.602249484811 3503.598220238268 7863.303833887724 -6203.253882430214 41.358349805020715 463.1702790904029 9.755524784380984 -1418.5341963169892 -2884.0807088735028 -2414.923130919527
79.00000000000351 18585.22573006999 13358.196036527726 3511.119761799388 7888.906438641398 -6172.996506898522 52.48228010807705 484.69977001556964 12.419602266273486 -1434.7170664713976 -2866.5678028589737 -2421.313289958071
80.00000000000402 18674.092597262705 13411.67384928524 3558.668043310492 7891.112550949241 -6187.361846282266 47.9282058274197 484.95238240032086 16.490374547210003 -1414.8736648282065 -2932.6140523293984 -2389.2450918996115
81.00000000000453 18690.162494825432 13443.750428550022 3530.7368916812707 7843.454304406814 -6127.779129812674 50.99773233985943 469.70558088533 16.99863111215755 -1402.3366657307192 -2915.4354865032237 -2347.7089219160775
82.00000000000504 18799.68979609519 13407.383208398078 3536.7830895307825 7902.084723674099 -6046.561225507767 58.47861225640871 475.6159430104665 16.172654079512963 -1368.638682640495 -2869.4196118403866 -2358.7701403732735
83.00000000000556 18752.457428327547 13443.090149068943 3543.422472801198 7870.256618896747 -6104.311812439343 51.604705434188155 465.6310405620226 13.983441483199222 -1416.2399881400781 -2844.50138291479 -2374.789628863885
84.00000000000607 18832.702993710394 13328.483976220574 3611.1339876638885 7919.320362084176 -6026.235332258237 44.30064094103888 519.9284929598845 15.183769329528978 -1405.1905497861203 -2849.5457775619716 -2350.911908140597
85.00000000000658 18755.969079441107 13541.248433414108 3532.7574006789287 7826.377761798121 -6144.414516450052 47.55266581669314 457.72565347265675 12.267786991705318 -1415.1903250962623 -2889.967692829807 -2356.802604805038
86.00000000000709 18794.25499033831 13480.876699678898 3599.466891488674 7871.7077223867855 -6157.7963232160455 55.982677342749085 451.4433327943848 17.415173201121554 -1428.7702234431197 -2912.1823994288015 -2341.684883682379
87.0000000000076 18857.9887805768 13362.146314691132 3701.813712297497 7878.372172594461 -6084.343419006289 69.98591072597253 503.8394171027435 19.05963672074274 -1418.448320353417 -2889.9071655149833 -2368.8728976873467
88.00000000000811 18640.664315643015 13405.47090110349 3579.248543555688 7859.673994883763 -6203.729123899931 70.88264256413551 466.2612874313732 4.615819041663389 -1420.7400316044 -2903.611423383577 -2421.1374179491268
89.00000000000863 18704.66062680533 13479.807502983369 3553.029832032559 7868.0993597693805 -6196.276067979976 66.82507691913449 467.63167447469175 7.260053846273198 -1391.1099837645927 -2970.188538699514 -2376.694350755969
90.00000000000914 18693.032029820144 13361.20115196888 3597.2352522177403 7896.349406833768 -6161.753781200248 38.798235656695915 479.480601302578 14.382032997108457 -1411.8956502227309 -2912.2330122451363 -2370.2859886887636
91.00000000000965 18730.526071438126 13409.191222471818 3672.7588382357526 7854.91764235922 -6206.341631628665 59.87799073139269 452.09612686934213 10.00294774124051 -1404.8199651652694 -2920.6895609668695 -2402.809170838501
92.00000000001016 18651.8148843628 13412.63012496976 3532.6410864576815 7874.841218495239 -6168.297545559883 53.78675025565741 461.5868420824103 12.506279222269853 -1411.4705684675448 -2913.3734779379656 -2371.3333707147103
93.00000000001067 18833.28948746891 13331.521258143126 3675.760383697191 7908.884834124279 -6082.876988495684 68.01657970592919 488.12829946450927 13.498907473812709 -1413.347639651226 -2842.81297840179 -2396.360157086918
94.00000000001118 18629.795798750467 13256.26548542641 3551.738728848691 7941.2192257619 -6119.427641286529 61.13782803196347 540.5710012026882 13.571614304539331 -1435.1023045269626 -2870.174467578122 -2429.4313127206356
95.0000000000117 18654.232682797166 13427.281449633636 3539.306693452783 7854.099194908998 -6166.454655198248 49.24407092243823 497.1008442313813 9.408405492326093 -1428.6096605567789 -2910.3291342436455 -2383.269181043969
96.00000000001221 18759.034376008327 13422.114590538135 3665.0350739608293 7886.869472401536 -6214.984760892169 52.53462253655147 489.4874705303158 5.22214227311747 -1418.9028436053427 -2927.6107614171947 -2415.7153912096164
97.00000000001272 18679.303548962605 13490.223985952929 3596.0439126842593 7835.381151255733 -6242.345500930315 50.06010096189593 456.8648477438735 16.132553433635692 -1409.2212061485998 -2942.802129191175 -2413.3796677299456
98.00000000001323 18556.162105008454 13432.09907808779 3482.3932960907587 7860.61598910642 -6218.946258276511 51.082705879140605 459.3791010716027 4.070666232865622 -1396.8063323271056 -2934.065912557915 -2402.606486575099
99.00000000001374 18659.037759867628 13407.646645113147 3559.4023956913916 7867.719112808513 -6175.7303937454235 63.13788611791631 462.6555776352006 7.095199141384137 -1412.2505988383884 -2922.4350852410457 -2373.93337256049
